        tauB               sizeBin             clust_size           bulk_area            bulk_ndens         bulk_ndens_std          int_area            int_ndens          int_ndens_std           bub_area            bub_ndens          bub_ndens_std           gas_area            gas_ndens          gas_ndens_std    
        0.00               5.016308              28404             4655.219001            1.461800             0.124625           18847.346117           1.237309             0.383639             0.000000             0.000000             0.000000           41947.297700           0.473809             0.071027      
        0.10               5.016308              28439             4554.565617            1.682048             0.143795           15752.254565           1.364313             0.546091             0.000000             0.000000             0.000000           45143.042636           0.461821             0.148132      
        0.20               5.016308              28755             4227.442120            1.822379             0.125016           16683.298365           1.324259             0.601392             0.000000             0.000000             0.000000           44539.122333           0.453601             0.159201      
        0.30               5.016308              29083             4403.585541            1.845087             0.117769           16532.318290           1.332602             0.578016             0.000000             0.000000             0.000000           44513.958987           0.445793             0.154989      
        0.40               5.016308              29436             4604.892309            1.821975             0.115945           18067.282393           1.253703             0.597005             0.000000             0.000000             0.000000           42777.688116           0.443198             0.154653      
        0.50               5.016308              29798             4932.015806            1.786896             0.103473           18318.915852           1.240630             0.574358             0.000000             0.000000             0.000000           42198.931160           0.437452             0.153509      
        0.60               5.016308              30146             6139.856412            1.746621             0.105861           17211.728630           1.222713             0.555921            251.633460            0.433170             0.190132           41846.644316           0.433057             0.149984      
        0.70               5.016308              30364             9058.804542            1.708062             0.096002           14141.800424           1.156430             0.529110             0.000000             0.000000             0.000000           42249.257852           0.430138             0.150817      
        0.80               5.016308              30697             8782.007737            1.682303             0.094787           15651.601181           1.131705             0.529294             0.000000             0.000000             0.000000           41016.253900           0.426977             0.147058      
        0.90               5.016308              30891             10442.788570           1.655401             0.088491           13688.860197           1.115871             0.501603             0.000000             0.000000             0.000000           41318.214051           0.422041             0.145441      
        1.00               5.016308              31163             10090.501726           1.637679             0.085090           15525.784452           1.074535             0.520524            578.756957            0.475156             0.161736           39254.819683           0.420764             0.146195      
        1.10               5.016308              31241             10820.238759           1.621221             0.085749           13839.840273           1.109550             0.493812            402.613535            0.506689             0.189810           40387.170251           0.418400             0.143564      
        1.20               5.016308              31284             10241.481802           1.611778             0.082977           14947.027495           1.089113             0.500175           1610.454141            0.656958             0.479360           38650.899381           0.417998             0.140794      
        1.30               5.016308              31630             11071.872218           1.598555             0.086295           15173.497608           1.051702             0.500937           1182.677260            0.384720             0.142015           38021.815732           0.417865             0.144963      
        1.40               5.016308              31509             10920.892143           1.590255             0.089207           14997.354187           1.080324             0.486837           2038.231022            0.384647             0.145892           37493.385467           0.417327             0.142977      
        1.50               5.016308              31646             11122.198910           1.581432             0.087490           13965.657003           1.113947             0.473202            956.207146            0.419365             0.144354           39405.799759           0.417527             0.139655      
        1.60               5.016308              31554             10769.912067           1.576429             0.087962           17262.055322           1.008339             0.506504            402.613535            0.360147             0.152929           37015.281894           0.417963             0.141227      
        1.70               5.016308              31393             11122.198910           1.571811             0.088485           14569.577306           1.084108             0.481961             0.000000             0.000000             0.000000           39758.086602           0.420619             0.147194      
        1.80               5.016308              31498             10493.115262           1.565693             0.089941           16582.644982           1.024384             0.497226           2013.067676            0.724268             0.478619           36361.034899           0.415995             0.143852      
        1.90               5.016308              31386             11122.198910           1.562281             0.088235           16305.848176           1.019879             0.490277            251.633460            0.409326             0.109629           37770.182272           0.420729             0.139803      
        2.00               5.016308              31445             10316.971840           1.560148             0.089738           17161.401938           1.044728             0.490816            780.063724            0.412787             0.123080           37191.425315           0.420877             0.142108      
        2.10               5.016308              31369             10291.808494           1.560561             0.087624           16783.951749           1.058630             0.485363            729.737033            0.419329             0.143319           37644.365542           0.421444             0.148714      
        2.20               5.016308              31252             10895.728797           1.553912             0.088873           15727.091219           1.055631             0.481665           2969.274822            0.425020             0.144171           35857.767980           0.424036             0.148885      
        2.30               5.016308              31293             11097.035564           1.552397             0.091585           16834.278441           0.995944             0.497617            427.776881            0.444157             0.173082           37090.771932           0.426440             0.147400      
        2.40               5.016308              31117             10140.828418           1.549972             0.086448           16532.318290           1.050185             0.482966            629.083649            1.041197             0.601223           38147.632462           0.426370             0.146484      
        2.50               5.016308              31223             11373.832370           1.547939             0.088170           14091.473732           1.089453             0.455747            478.103573            0.420411             0.131055           39506.453143           0.426285             0.141860      
        2.60               5.016308              31181             11147.362256           1.546195             0.097695           15475.457760           1.048563             0.466540           1761.434217            0.440550             0.146823           37065.608586           0.425219             0.143250      
        2.70               5.016308              31092             10266.645148           1.545880             0.107056           16507.154944           1.062872             0.474786           2239.537790            0.457237             0.158416           36436.524937           0.427044             0.143143      
        2.80               5.016308              30966             11524.812445           1.543105             0.112076           12732.653051           1.132286             0.437916             0.000000             0.000000             0.000000           41192.397322           0.432094             0.149676      
        2.90               5.016308              31061             9562.071461            1.546631             0.112189           16456.828252           1.103493             0.471150           1987.904330            0.460787             0.172185           37443.058775           0.430921             0.149891      
        3.00               5.016308              30869             9838.868267            1.556277             0.106210           15399.967722           1.115002             0.469745            780.063724            0.479448             0.171283           39430.963105           0.434760             0.151569      
        3.10               5.016308              30768             9511.744769            1.557758             0.104827           17639.505512           1.049916             0.486590           1283.330643            0.476884             0.157198           37015.281894           0.433632             0.151593      
        3.20               5.016308              30714             8505.210931            1.557163             0.104444           20281.656836           1.026395             0.497695            327.123497            0.434087             0.163825           36335.871553           0.434749             0.148789      
        3.30               5.016308              30597             8958.151159            1.553892             0.121768           15676.764527           1.127656             0.461233           1685.944179            0.758032             0.513458           39129.002954           0.437629             0.148766      
        3.40               5.016308              30643             9008.477850            1.554203             0.127634           16406.501560           1.126078             0.473774           1308.493989            0.464656             0.177303           38726.389418           0.436808             0.148974      
        3.50               5.016308              30517             10165.991764           1.553119             0.096462           14619.903997           1.121895             0.471712            679.410341            0.373854             0.145618           39984.556716           0.439045             0.147798      
        3.60               5.016308              30355             9511.744769            1.557338             0.095779           15525.784452           1.122004             0.475762           1283.330643            0.458183             0.155883           39129.002954           0.439035             0.149745      
        3.70               5.016308              30322             9310.438002            1.561473             0.088150           15852.907949           1.123706             0.468387           3271.234974            0.455485             0.158591           37015.281894           0.436522             0.145382      
        3.80               5.016308              30541             10618.931991           1.555806             0.107460           13563.043468           1.135881             0.454733            704.573687            0.442821             0.139986           40563.313673           0.437859             0.150699      
        3.90               5.016308              30466             10342.135186           1.559833             0.101312           14519.250614           1.100952             0.478541             0.000000             0.000000             0.000000           40588.477019           0.440593             0.157183      
        4.00               5.016308              30457             9411.091386            1.566556             0.087692           16104.541409           1.103229             0.480986            251.633460            0.532521             0.118157           39682.596565           0.437371             0.147718      
        4.10               5.016308              30447             8429.720894            1.570871             0.082092           17413.035398           1.114108             0.483795            327.123497            0.507454             0.146351           39279.983029           0.437678             0.147413      
        4.20               5.016308              30590             8681.354353            1.568880             0.076729           16934.931825           1.116214             0.481813           1132.350568            0.476001             0.163637           38701.226072           0.437661             0.147974      
        4.30               5.016308              30509             8832.334429            1.568781             0.079127           16985.258517           1.103369             0.475650           1358.820681            0.470997             0.143776           38273.449191           0.437980             0.152560      
        4.40               5.016308              30457             8354.230856            1.572975             0.078481           17211.728630           1.121561             0.471705           1484.637411            0.471496             0.181518           38399.265921           0.438941             0.156765      
        4.50               5.016308              30190             8329.067510            1.571364             0.082838           16582.644982           1.149334             0.451700            578.756957            0.406043             0.132560           39959.393370           0.440898             0.150562      
        4.60               5.016308              30144             8429.720894            1.573243             0.078979           16431.664906           1.144558             0.459812            251.633460            0.401377             0.162353           40336.843559           0.442028             0.151122      
        4.70               5.016308              30409             8178.087434            1.577019             0.074310           17161.401938           1.133357             0.463988            528.430265            0.437144             0.155614           39581.943181           0.440150             0.151066      
        4.80               5.016308              30329             8706.517699            1.576520             0.078685           17262.055322           1.094366             0.483473            553.593611            0.475078             0.164063           38927.696186           0.439790             0.148537      
        4.90               5.016308              30446             8555.537623            1.579796             0.081479           17740.158895           1.088716             0.485701            301.960151            0.377533             0.164255           38852.206148           0.438997             0.150291      
        5.00               5.016308              30498             9562.071461            1.578319             0.080450           15274.150992           1.121634             0.460043             0.000000             0.000000             0.000000           40613.640365           0.437685             0.152828      
        5.10               5.016308              30558             9184.621272            1.579270             0.077838           16029.051371           1.113541             0.472698             0.000000             0.000000             0.000000           40236.190175           0.438560             0.149724      
        5.20               5.016308              30585             8782.007737            1.581984             0.079485           17614.342166           1.078326             0.489421            553.593611            0.505786             0.211030           38499.919305           0.437222             0.153716      
        5.30               5.016308              30528             8983.314504            1.584270             0.075295           17840.812279           1.056678             0.492490            855.553762            0.486235             0.144596           37770.182272           0.436853             0.151509      
        5.40               5.016308              30658             9008.477850            1.581621             0.078910           16783.951749           1.103554             0.473142            452.940227            0.415066             0.126520           39204.492991           0.434695             0.151310      
        5.50               5.016308              30513             9687.888191            1.577330             0.079589           15525.784452           1.106868             0.468326            377.450189            0.455689             0.164089           39858.739986           0.435588             0.149889      
        5.60               5.016308              30684             9738.214883            1.577497             0.081208           16054.214717           1.072802             0.488168            780.063724            0.399967             0.181394           38877.369494           0.439922             0.152538      
        5.70               5.016308              30731             9285.274656            1.577013             0.076571           16607.808328           1.085152             0.488269           1132.350568            0.461871             0.163164           38424.429267           0.437534             0.148906      
        5.80               5.016308              30551             10065.338380           1.576003             0.081977           15550.947798           1.079420             0.470713             0.000000             0.000000             0.000000           39833.576640           0.435587             0.154414      
        5.90               5.016308              30502             10015.011688           1.575735             0.086565           15978.724679           1.067419             0.475025            654.246995            0.482998             0.206700           38801.879456           0.434180             0.151474      
        6.00               5.016308              30761             9713.051537            1.575509             0.085396           16985.258517           1.052089             0.486598            553.593611            0.415467             0.125514           38197.959153           0.434500             0.149880      
        6.10               5.016308              30854             9864.031613            1.576637             0.083539           16230.358138           1.070463             0.478648            352.286843            0.439982             0.185467           39003.186224           0.433785             0.148132      
        6.20               5.016308              30714             9738.214883            1.576880             0.089075           15903.234641           1.092734             0.469884            301.960151            0.351040             0.143133           39506.453143           0.434359             0.151537      
        6.30               5.016308              30807             9989.848342            1.576701             0.085301           15500.621106           1.095569             0.466879             0.000000             0.000000             0.000000           39959.393370           0.432114             0.151935      
        6.40               5.016308              30672             10342.135186           1.576754             0.087357           14368.270538           1.115235             0.458069            402.613535            0.434660             0.201890           40336.843559           0.433698             0.153317      
        6.50               5.016308              30805             10342.135186           1.574143             0.088921           15324.477684           1.083561             0.462644            603.920303            0.370910             0.141747           39179.329645           0.431120             0.155485      
        6.60               5.016308              31041             10367.298532           1.569165             0.089183           15349.641030           1.077028             0.466404            301.960151            0.433832             0.132261           39430.963105           0.432883             0.153510      
        6.70               5.016308              30952             10719.585375           1.563120             0.093550           14267.617154           1.102637             0.456531            528.430265            0.473099             0.165863           39934.230024           0.432261             0.151457      
        6.80               5.016308              31032             10241.481802           1.560028             0.097611           14921.864149           1.076273             0.468833            427.776881            1.559224             0.091975           39858.739986           0.433932             0.156151      
        6.90               5.016308              30756             9310.438002            1.563407             0.095240           16305.848176           1.116164             0.460296             0.000000             0.000000             0.000000           39833.576640           0.432901             0.155808      
        7.00               5.016308              30767             8731.681045            1.571061             0.090218           16783.951749           1.131259             0.452650            478.103573            0.338839             0.151666           39456.126451           0.434229             0.158538      
        7.10               5.016308              30682             8983.314504            1.575365             0.087434           16104.541409           1.141479             0.447294             0.000000             0.000000             0.000000           40362.006905           0.432709             0.152594      
        7.20               5.016308              30697             9109.131234            1.577648             0.083187           16934.931825           1.095428             0.466520            679.410341            0.466581             0.151652           38726.389418           0.432806             0.153976      
        7.30               5.016308              30797             9159.457926            1.574547             0.089681           16934.931825           1.093479             0.473288           1409.147373            0.481852             0.162308           37946.325694           0.431689             0.152981      
        7.40               5.016308              30868             9209.784618            1.570938             0.085878           16582.644982           1.098196             0.478707           1887.250946            0.463637             0.136641           37770.182272           0.435423             0.155116      
        7.50               5.016308              30905             8932.987813            1.560284             0.106564           18469.895928           1.059021             0.487688           3522.868433            0.466381             0.156213           34524.110645           0.430395             0.150080      
        7.60               5.016308              30753             8882.661121            1.566197             0.088064           16859.441787           1.111662             0.463843           4126.788736            0.449987             0.160165           35580.971175           0.435317             0.158982      
        7.70               5.016308              30622             9083.967888            1.569028             0.088000           16658.135019           1.106606             0.463392            352.286843            0.476884             0.178358           39355.473067           0.435645             0.153923      
        7.80               5.016308              30754             8605.864315            1.572765             0.081419           17865.975625           1.091236             0.473623           1484.637411            0.435123             0.178389           37493.385467           0.435357             0.152029      
        7.90               5.016308              30843             8907.824467            1.576816             0.084204           17564.015474           1.077373             0.475308           1509.800757            0.416611             0.157713           37468.222121           0.437758             0.153823      
        8.00               5.016308              30745             8631.027661            1.576985             0.083116           17262.055322           1.104735             0.471993            679.410341            0.432728             0.139074           38877.369494           0.437915             0.152373      
        8.10               5.016308              30608             9209.784618            1.578213             0.080690           15324.477684           1.142290             0.449057             0.000000             0.000000             0.000000           40915.600516           0.438952             0.158584      
        8.20               5.016308              30498             8731.681045            1.582055             0.081277           16205.194792           1.133525             0.465377            553.593611            0.520237             0.185978           39959.393370           0.438670             0.157770      
        8.30               5.016308              30413             9411.091386            1.585682             0.079197           14947.027495           1.131730             0.462438             0.000000             0.000000             0.000000           41091.743938           0.441962             0.155635      
        8.40               5.016308              30407             8731.681045            1.586865             0.082524           16733.625057           1.110459             0.477426            754.900379            0.430520             0.183002           39229.656337           0.439387             0.155843      
        8.50               5.016308              30481             9234.947964            1.586257             0.080566           15727.091219           1.115209             0.473760            352.286843            0.468368             0.157663           40135.536792           0.439685             0.157376      
        8.60               5.016308              30404             8354.230856            1.583150             0.086508           17035.585209           1.092302             0.485742            478.103573            1.574973             0.102510           39581.943181           0.439923             0.156493      
        8.70               5.016308              30385             9662.724845            1.580093             0.084203           15123.170916           1.118284             0.462450            780.063724            0.478166             0.164469           39883.903332           0.437445             0.161554      
        8.80               5.016308              30500             8253.577472            1.584283             0.084817           17941.465663           1.054986             0.492114           2491.171249            0.776342             0.519482           36763.648434           0.436899             0.154866      
        8.90               5.016308              30564             9511.744769            1.582885             0.076512           15852.907949           1.100429             0.467446           2063.394368            0.499662             0.175876           38021.815732           0.433120             0.156782      
        9.00               5.016308              30713             9864.031613            1.582416             0.085445           14317.943846           1.137244             0.456638             0.000000             0.000000             0.000000           41267.887359           0.438792             0.157791      
        9.10               5.016308              30532             9033.641196            1.580315             0.079987           16230.358138           1.119507             0.476168             0.000000             0.000000             0.000000           40185.863484           0.436820             0.154465      
        9.20               5.016308              30634             8958.151159            1.580683             0.083083           17564.015474           1.076348             0.486992           1207.840606            0.405683             0.182647           37719.855580           0.435977             0.153741      
        9.30               5.016308              30632             9033.641196            1.580537             0.082928           18344.079198           1.051456             0.491265            528.430265            0.403081             0.158623           37543.712159           0.432056             0.152687      
        9.40               5.016308              30711             9234.947964            1.581926             0.080643           16733.625057           1.089124             0.485130           1308.493989            0.421859             0.160701           38172.795807           0.435231             0.147843      
        9.50               5.016308              30783             9234.947964            1.580951             0.084176           17991.792355           1.046144             0.493690           1233.003952            0.404703             0.143325           36990.118548           0.434684             0.149269      
        9.60               5.016308              30777             9637.561499            1.579860             0.087127           17111.075247           1.053996             0.485279             0.000000             0.000000             0.000000           38701.226072           0.432519             0.152284      
        9.70               5.016308              31001             9612.398153            1.575049             0.085512           17589.178820           1.044051             0.491320           1056.860530            0.465530             0.141778           37191.425315           0.430314             0.154435      
        9.80               5.016308              31067             10115.665072           1.572314             0.083549           14997.354187           1.103595             0.469502            578.756957            0.440599             0.122299           39758.086602           0.434855             0.153978      
        9.90               5.016308              30979             9914.358305            1.570752             0.088234           14997.354187           1.126065             0.454636            553.593611            0.471465             0.174995           39984.556716           0.432117             0.156908      
       10.00               5.016308              30803             10216.318456           1.572876             0.082577           14594.740652           1.114031             0.453615            452.940227            0.481300             0.150390           40185.863484           0.434332             0.158104      
       10.10               5.016308              30813             9637.561499            1.575710             0.084390           15123.170916           1.127872             0.461356             0.000000             0.000000             0.000000           40689.130403           0.436406             0.158140      
       10.20               5.016308              30989             9285.274656            1.580352             0.085147           16054.214717           1.119644             0.466556            251.633460            0.409326             0.131864           39858.739986           0.432728             0.157836      
       10.30               5.016308              30899             9461.418078            1.580841             0.084369           15626.437835           1.121369             0.467963             0.000000             0.000000             0.000000           40362.006905           0.434072             0.152895      
       10.40               5.016308              30739             9461.418078            1.579784             0.084848           17060.748555           1.063142             0.487049           1157.513914            0.477748             0.172527           37770.182272           0.433199             0.151548      
       10.50               5.016308              30841             9058.804542            1.579568             0.083044           17689.832203           1.067167             0.492918            855.553762            0.489741             0.147981           37845.672310           0.433180             0.155634      
       10.60               5.016308              30834             9788.541575            1.575822             0.089571           16305.848176           1.073848             0.485509            251.633460            0.468936             0.153708           39103.839608           0.433385             0.153096      
       10.70               5.016308              30852             10644.095337           1.575991             0.084783           13965.657003           1.108935             0.467513             0.000000             0.000000             0.000000           40840.110478           0.434328             0.156422      
       10.80               5.016308              30954             9486.581423            1.580232             0.081561           16809.115095           1.081378             0.483157            780.063724            0.510215             0.156408           38374.102575           0.428258             0.154939      
       10.90               5.016308              31024             9687.888191            1.576711             0.082380           16960.095171           1.074404             0.476435            905.880454            0.408442             0.129998           37895.999002           0.425718             0.152732      
       11.00               5.016308              31231             10669.258683           1.574805             0.081998           13638.533505           1.140445             0.444436            251.633460            0.540469             0.181418           40890.437170           0.428169             0.157222      
       11.10               5.016308              31235             10518.278607           1.572976             0.085343           14292.780500           1.125253             0.455230             0.000000             0.000000             0.000000           40638.803711           0.427473             0.155483      
       11.20               5.016308              31297             9813.704921            1.571883             0.085052           16331.011522           1.102871             0.461847           2264.701136            0.458339             0.169972           37040.445240           0.419136             0.150605      
       11.30               5.016308              31123             10065.338380           1.573916             0.084573           15123.170916           1.121326             0.461111             0.000000             0.000000             0.000000           40261.353521           0.427209             0.154272      
       11.40               5.016308              31088             10316.971840           1.573911             0.087508           14192.127116           1.146128             0.452676             0.000000             0.000000             0.000000           40940.763862           0.427349             0.159370      
       11.50               5.016308              31107             10241.481802           1.573112             0.083917           15223.824300           1.108000             0.470024            377.450189            0.437144             0.144384           39607.106527           0.425580             0.155511      
       11.60               5.016308              31373             10442.788570           1.572281             0.088240           14821.210765           1.109963             0.469958             0.000000             0.000000             0.000000           40185.863484           0.426269             0.152993      
       11.70               5.016308              31201             10644.095337           1.570166             0.088456           15651.601181           1.064939             0.478576            251.633460            0.476884             0.115178           38902.532840           0.424111             0.153418      
       11.80               5.016308              31260             10392.461878           1.564499             0.090081           16230.358138           1.060667             0.482006             0.000000             0.000000             0.000000           38827.042802           0.425631             0.153189      
       11.90               5.016308              31418             10065.338380           1.563782             0.088973           18293.752506           1.014718             0.491680           1585.290795            0.426420             0.153376           35505.481137           0.423061             0.152077      
       12.00               5.016308              31454             10266.645148           1.564776             0.084431           16280.684830           1.072191             0.464639           1660.780833            0.428112             0.170691           37241.752007           0.423396             0.154346      
       12.10               5.016308              31280             10040.175034           1.563618             0.089467           18092.445739           1.018934             0.483471           1207.840606            0.441283             0.130358           36109.401439           0.424626             0.158565      
       12.20               5.016308              31199             10241.481802           1.562274             0.086166           14871.537457           1.125775             0.445750             0.000000             0.000000             0.000000           40336.843559           0.427847             0.159615      
       12.30               5.016308              31279             9788.541575            1.565095             0.084481           16985.258517           1.076757             0.465538            528.430265            0.391726             0.134507           38147.632462           0.424247             0.155216      
       12.40               5.016308              31270             9788.541575            1.566015             0.082040           16884.605133           1.080689             0.469139             0.000000             0.000000             0.000000           38776.716110           0.423553             0.154889      
       12.50               5.016308              31392             9738.214883            1.571643             0.082797           14997.354187           1.148803             0.448731            352.286843            0.471207             0.165809           40362.006905           0.428621             0.156572      
       12.60               5.016308              31195             9486.581423            1.576437             0.079837           17111.075247           1.075678             0.481201            251.633460            0.425222             0.175083           38600.572689           0.428284             0.156697      
       12.70               5.016308              31225             9914.358305            1.580032             0.075871           15098.007571           1.134918             0.446921             0.000000             0.000000             0.000000           40437.496943           0.425348             0.153966      
       12.80               5.016308              31365             10266.645148           1.579484             0.081060           14393.433884           1.140728             0.442751             0.000000             0.000000             0.000000           40789.783786           0.425719             0.155109      
       12.90               5.016308              31475             8480.047585            1.578057             0.080521           18922.836155           1.075209             0.497235           1434.310719            0.494314             0.178970           36612.668359           0.425071             0.152663      
       13.00               5.016308              31253             8983.314504            1.576924             0.075589           17564.015474           1.096219             0.480979           2113.721060            0.446133             0.140684           36788.811780           0.425048             0.149707      
       13.10               5.016308              31329             9738.214883            1.575545             0.081821           15978.724679           1.112792             0.457053            880.717108            0.367882             0.160752           38852.206148           0.426025             0.154210      
       13.20               5.016308              31228             9889.194959            1.569086             0.081036           16532.318290           1.082002             0.470958           2591.824633            0.383128             0.139639           36436.524937           0.428197             0.154538      
       13.30               5.016308              31275             9536.908115            1.570635             0.084229           16456.828252           1.108780             0.463918             0.000000             0.000000             0.000000           39456.126451           0.425130             0.153490      
       13.40               5.016308              31295             9914.358305            1.572568             0.080146           14972.190841           1.145190             0.436415             0.000000             0.000000             0.000000           40563.313673           0.425582             0.152103      
       13.50               5.016308              31316             9662.724845            1.571606             0.081805           16255.521484           1.106885             0.461924            830.390416            0.473271             0.179962           38701.226072           0.424483             0.157259      
       13.60               5.016308              31231             9813.704921            1.570763             0.084019           16507.154944           1.085893             0.478728             0.000000             0.000000             0.000000           39129.002954           0.425771             0.153321      
       13.70               5.016308              31347             10442.788570           1.569025             0.086356           15198.660954           1.100689             0.467010            402.613535            0.337793             0.139091           39405.799759           0.425064             0.153852      
       13.80               5.016308              31529             9360.764694            1.569103             0.088309           17714.995549           1.078183             0.484607           1635.617487            0.372336             0.144480           36738.485088           0.424705             0.151598      
       13.90               5.016308              31440             9687.888191            1.566699             0.081468           16960.095171           1.083131             0.474811           1056.860530            0.463637             0.192095           37745.018926           0.422890             0.151316      
       14.00               5.016308              31383             9436.254732            1.567995             0.084987           17413.035398           1.082293             0.466340             0.000000             0.000000             0.000000           38600.572689           0.423776             0.150732      
       14.10               5.016308              31272             9864.031613            1.566398             0.087104           16104.541409           1.090314             0.459645            981.370492            0.436125             0.176464           38499.919305           0.430183             0.156768      
       14.20               5.016308              31261             9159.457926            1.564721             0.088940           18872.509463           1.044376             0.473924           1484.637411            0.425020             0.157652           35933.258018           0.426541             0.157618      
       14.30               5.016308              31404             9838.868267            1.562578             0.085811           16180.031446           1.093261             0.453588             0.000000             0.000000             0.000000           39430.963105           0.429536             0.159943      
       14.40               5.016308              31046             8605.864315            1.567536             0.091435           19199.632961           1.065125             0.470951           1635.617487            0.464045             0.200359           36008.748056           0.424925             0.154728      
       14.50               5.016308              30794             7825.800591            1.575047             0.088036           19451.266420           1.090160             0.471073            830.390416            0.425101             0.157900           37342.405391           0.431574             0.165228      
       14.60               5.016308              30757             8303.904164            1.576849             0.084895           19426.103074           1.057855             0.487314            603.920303            0.354351             0.131262           37115.935278           0.434908             0.156929      
       14.70               5.016308              30984             9511.744769            1.573633             0.091796           16507.154944           1.087589             0.459374             0.000000             0.000000             0.000000           39430.963105           0.433137             0.155182      
       14.80               5.016308              30824             8505.210931            1.581031             0.083136           17564.015474           1.114665             0.458106            301.960151            0.410650             0.121770           39078.676262           0.431207             0.155290      
       14.90               5.016308              30956             8228.414126            1.587183             0.085758           18419.569236           1.091611             0.473753             0.000000             0.000000             0.000000           38801.879456           0.433819             0.158485      
       15.00               5.016308              30979             8354.230856            1.584945             0.086045           18947.999501           1.076842             0.476761            478.103573            0.389037             0.129307           37669.528888           0.429233             0.154937      
       15.10               5.016308              30741             8303.904164            1.586242             0.085894           17236.891976           1.140113             0.447237            352.286843            0.388888             0.165347           39556.779835           0.430748             0.152906      
       15.20               5.016308              30764             9360.764694            1.580747             0.095059           15626.437835           1.129304             0.450399            352.286843            0.371856             0.143763           40110.373446           0.434426             0.160103      
       15.30               5.016308              30760             8807.171083            1.586434             0.082810           17161.401938           1.108534             0.463978            830.390416            0.368501             0.149424           38650.899381           0.432021             0.153547      
       15.40               5.016308              30860             9184.621272            1.585150             0.085926           17538.852128           1.063468             0.482578            679.410341            0.497490             0.202166           38046.979078           0.432386             0.154514      
       15.50               5.016308              30853             9109.131234            1.585991             0.080787           16733.625057           1.098088             0.475235           1660.780833            0.434735             0.165435           37946.325694           0.433665             0.152925      
       15.60               5.016308              30887             9461.418078            1.587711             0.083479           15928.397987           1.102120             0.477009            276.796805            0.610556             0.230028           39783.249948           0.433700             0.155284      
       15.70               5.016308              30842             9486.581423            1.589614             0.086497           16180.031446           1.091592             0.479601           1509.800757            0.464962             0.175233           38273.449191           0.432571             0.152945      
       15.80               5.016308              30875             9662.724845            1.590338             0.084955           17085.911901           1.047413             0.487543            276.796805            0.433531             0.112982           38424.429267           0.432459             0.154984      
       15.90               5.016308              30881             9637.561499            1.588265             0.086548           16381.338214           1.076347             0.487202             0.000000             0.000000             0.000000           39430.963105           0.432680             0.153058      
       16.00               5.016308              30736             9536.908115            1.589194             0.084214           16909.768479           1.064473             0.489038           2013.067676            0.420751             0.142276           36990.118548           0.432467             0.150856      
       16.10               5.016308              30915             9033.641196            1.588064             0.085647           17639.505512           1.071912             0.497858           1157.513914            0.477748             0.185751           37619.202197           0.430445             0.152613      
       16.20               5.016308              30973             9134.294580            1.587862             0.086588           19426.103074           1.017137             0.502875            452.940227            0.510001             0.141592           36436.524937           0.425562             0.149196      
       16.30               5.016308              31110             9285.274656            1.583260             0.085187           18545.385966           1.033465             0.501023            931.043800            0.544550             0.148656           36688.158396           0.425914             0.145057      
       16.40               5.016308              31287             9486.581423            1.579389             0.087557           16658.135019           1.091539             0.479674            931.043800            0.466143             0.173753           38374.102575           0.427372             0.160152      
       16.50               5.016308              31275             9813.704921            1.580239             0.088732           15198.660954           1.127139             0.456466             0.000000             0.000000             0.000000           40437.496943           0.429329             0.160217      
       16.60               5.016308              31408             9964.684997            1.578675             0.089332           15475.457760           1.099095             0.476153            301.960151            0.410650             0.150746           39707.759910           0.431553             0.162390      
       16.70               5.016308              31404             9889.194959            1.575356             0.090551           15450.294414           1.106387             0.469996             0.000000             0.000000             0.000000           40110.373446           0.431983             0.159335      
       16.80               5.016308              31460             9838.868267            1.575994             0.087927           14720.557381           1.142824             0.447279            654.246995            0.403517             0.184002           40236.190175           0.432620             0.169292      
       16.90               5.016308              31365             9914.358305            1.578115             0.083826           15299.314338           1.106716             0.468698            301.960151            0.546430             0.147026           39934.230024           0.432136             0.164743      
       17.00               5.016308              31103             8404.557548            1.583546             0.083236           17463.362090           1.127675             0.466192           1157.513914            0.402587             0.151804           38424.429267           0.430247             0.166428      
       17.10               5.016308              30863             9209.784618            1.582556             0.081025           18318.915852           1.038162             0.491364           1887.250946            0.435024             0.193155           36033.911402           0.432537             0.162959      
       17.20               5.016308              30763             9436.254732            1.580288             0.080307           16280.684830           1.099831             0.464111            377.450189            0.519274             0.147605           39355.473067           0.431605             0.164676      
       17.30               5.016308              30677             9411.091386            1.582813             0.078223           15978.724679           1.111478             0.459003            276.796805            0.451595             0.168836           39783.249948           0.432820             0.164609      
       17.40               5.016308              30953             9411.091386            1.580476             0.081221           16859.441787           1.086750             0.466842            830.390416            0.494948             0.187956           38348.939229           0.427469             0.165442      
       17.50               5.016308              30985             9083.967888            1.582568             0.079554           18394.405890           1.050265             0.491046            880.717108            0.400810             0.157642           37090.771932           0.430080             0.160862      
       17.60               5.016308              30995             9058.804542            1.586633             0.073426           18872.509463           1.051371             0.484750            780.063724            0.423042             0.177595           36738.485088           0.420676             0.155815      
       17.70               5.016308              31066             8832.334429            1.583953             0.075856           18595.712658           1.065030             0.495232             0.000000             0.000000             0.000000           38021.815732           0.426203             0.159878      
       17.80               5.016308              31329             9335.601348            1.585758             0.072433           17689.832203           1.066375             0.492849           1685.944179            0.381389             0.150594           36738.485088           0.427045             0.164876      
       17.90               5.016308              31288             9813.704921            1.585334             0.070789           16331.011522           1.086093             0.479397            377.450189            0.455689             0.205150           38927.696186           0.424710             0.160999      
       18.00               5.016308              31361             9511.744769            1.582780             0.072780           17916.302317           1.055854             0.491106            704.573687            0.442821             0.137957           37317.242045           0.421146             0.162731      
       18.10               5.016308              31503             9285.274656            1.584875             0.072578           18369.242544           1.051867             0.500108            654.246995            0.548722             0.235628           37141.098623           0.420101             0.155241      
       18.20               5.016308              31507             9385.928040            1.588016             0.067885           18218.262468           1.058883             0.489408            327.123497            0.415745             0.175395           37518.548813           0.417607             0.156492      
       18.30               5.016308              31479             9562.071461            1.587418             0.071957           16481.991598           1.107390             0.480466            528.430265            0.463637             0.174880           38877.369494           0.419884             0.151256      
       18.40               5.016308              31649             9461.418078            1.589297             0.071495           17236.891976           1.086681             0.486596           1635.617487            0.420636             0.158945           37115.935278           0.418796             0.151507      
       18.50               5.016308              31560             9486.581423            1.591617             0.073797           18721.529387           1.033783             0.502418           1283.330643            0.472209             0.165573           35958.421364           0.415508             0.152106      
       18.60               5.016308              32123             9536.908115            1.589194             0.071358           17991.792355           1.067542             0.489322           1660.780833            0.483508             0.165970           36260.381515           0.409097             0.147812      
       18.70               5.016308              32157             9461.418078            1.586971             0.070082           20331.983528           0.989721             0.515973           2315.027827            0.451398             0.142394           33341.433385           0.414409             0.157766      
       18.80               5.016308              32045             9989.848342            1.583307             0.071886           17312.382014           1.064325             0.492115            981.370492            0.493188             0.156061           37166.261969           0.410937             0.149875      
       18.90               5.016308              32072             10015.011688           1.583623             0.074613           16381.338214           1.099666             0.474895            251.633460            0.468936             0.097019           38801.879456           0.412557             0.150875      
       19.00               5.016308              31852             9637.561499            1.584322             0.066368           17236.891976           1.096021             0.471851           1383.984027            0.377172             0.156389           37191.425315           0.411842             0.151457      
       19.10               5.016308              31837             9612.398153            1.581707             0.067647           19778.389917           1.015199             0.496532           2264.701136            0.383274             0.169674           33794.373612           0.409802             0.149705      
       19.20               5.016308              31948             9838.868267            1.580873             0.064032           19023.489539           1.020738             0.501825            377.450189            0.484832             0.183667           36210.054823           0.409969             0.152676      
       19.30               5.016308              32055             10140.828418           1.579555             0.063785           16280.684830           1.107202             0.468830            704.573687            0.390307             0.134788           38323.775883           0.409172             0.153118      
       19.40               5.016308              32119             10795.075413           1.573217             0.064153           15727.091219           1.083799             0.479541             0.000000             0.000000             0.000000           38927.696186           0.410299             0.152186      
       19.50               5.016308              32072             10015.011688           1.574037             0.064143           17538.852128           1.068428             0.489343           1182.677260            0.392330             0.173053           36713.321742           0.409470             0.152563      
       19.60               5.016308              32197             10140.828418           1.573047             0.064572           17387.872052           1.074139             0.482969           1182.677260            0.437989             0.143752           36738.485088           0.404290             0.150168      
       19.70               5.016308              32209             9989.848342            1.575399             0.064420           17186.565284           1.092190             0.473069           1937.577638            0.378307             0.148226           36335.871553           0.406155             0.147565      
       19.80               5.016308              32126             9813.704921            1.579220             0.067024           17966.629009           1.067089             0.484244           1233.003952            0.375506             0.159176           36436.524937           0.408025             0.153209      
       19.90               5.016308              32021             9763.378229            1.578757             0.071701           16708.461711           1.116081             0.463195           1534.964103            0.397403             0.136342           37443.058775           0.409368             0.147192      
       20.00               5.016308              32064             9234.947964            1.586365             0.067524           18042.119047           1.098097             0.463003           3598.358471            0.407408             0.152904           34574.437336           0.407006             0.150117      
       20.10               5.016308              32023             9335.601348            1.588007             0.063606           18218.262468           1.073428             0.479070           2818.294746            0.417274             0.141004           35077.704256           0.411743             0.147852      
       20.20               5.016308              31893             9310.438002            1.589721             0.064775           17387.872052           1.109394             0.465149            956.207146            0.428777             0.138615           37795.345618           0.410077             0.146767      
       20.30               5.016308              32031             9964.684997            1.589513             0.063246           16607.808328           1.100025             0.453087            478.103573            0.455968             0.178828           38399.265921           0.408185             0.147443      
       20.40               5.016308              31785             9612.398153            1.591278             0.065740           16029.051371           1.142738             0.456451            276.796805            0.455208             0.124941           39531.616489           0.411342             0.146192      
       20.50               5.016308              31966             10191.155110           1.590006             0.062382           15173.497608           1.137641             0.457553             0.000000             0.000000             0.000000           40085.210100           0.412471             0.148964      
       20.60               5.016308              32022             9713.051537            1.587863             0.065051           17362.708706           1.089001             0.481826            603.920303            0.490131             0.177230           37770.182272           0.407014             0.149363      
       20.70               5.016308              32038             9989.848342            1.586010             0.066353           17111.075247           1.074567             0.497768             0.000000             0.000000             0.000000           38348.939229           0.411198             0.149824      
       20.80               5.016308              32085             9763.378229            1.587463             0.069417           17513.688782           1.078128             0.495813            729.737033            0.376848             0.122430           37443.058775           0.409796             0.145955      
       20.90               5.016308              32175             9889.194959            1.588501             0.068998           17387.872052           1.074945             0.495546             0.000000             0.000000             0.000000           38172.795807           0.408668             0.150926      
       21.00               5.016308              32197             9562.071461            1.585744             0.067225           18444.732582           1.063122             0.503748           2013.067676            0.410816             0.135197           35429.991099           0.406464             0.146398      
       21.10               5.016308              32350             10291.808494           1.585338             0.062859           16230.358138           1.102071             0.479819             0.000000             0.000000             0.000000           38927.696186           0.405804             0.143467      
       21.20               5.016308              32256             9838.868267            1.585345             0.065787           16356.174868           1.129726             0.470341           2038.231022            0.379250             0.158599           37216.588661           0.407103             0.146097      
       21.30               5.016308              32465             10216.318456           1.581685             0.062954           16733.625057           1.086615             0.489083            679.410341            0.425369             0.162533           37820.508964           0.406367             0.150920      
       21.40               5.016308              32574             10040.175034           1.582642             0.060728           16658.135019           1.082294             0.489452           1258.167298            0.654126             0.473241           37493.385467           0.406952             0.153140      
       21.50               5.016308              32421             10040.175034           1.580749             0.059723           17085.911901           1.084812             0.486369            553.593611            0.435337             0.182301           37770.182272           0.406485             0.148626      
       21.60               5.016308              32294             10140.828418           1.579851             0.062056           16733.625057           1.097431             0.478181           1182.677260            0.415160             0.165954           37392.732083           0.404464             0.144736      
       21.70               5.016308              32374             10115.665072           1.581606             0.065278           17815.648933           1.060248             0.491334           1887.250946            0.406411             0.149763           35631.297866           0.402595             0.149677      
       21.80               5.016308              32473             10719.585375           1.578046             0.063972           16431.664906           1.074754             0.487655            251.633460            0.504702             0.143341           38046.979078           0.402056             0.151824      
       21.90               5.016308              32437             10342.135186           1.579268             0.059105           19426.103074           0.999223             0.502849           1358.820681            0.426841             0.162633           34322.803877           0.398452             0.146305      
       22.00               5.016308              32883             9788.541575            1.578478             0.055564           20684.270372           0.998923             0.511025           2164.047752            0.393245             0.151148           32813.003120           0.397282             0.146809      
       22.10               5.016308              32846             10191.155110           1.578722             0.053448           18167.935777           1.059504             0.485656           1207.840606            0.357663             0.148252           35882.931326           0.396567             0.144966      
       22.20               5.016308              32885             9813.704921            1.583092             0.052610           18419.569236           1.073641             0.483850            981.370492            0.416764             0.174011           36235.218169           0.394064             0.144895      
       22.30               5.016308              32606             10090.501726           1.581785             0.052784           17865.975625           1.075228             0.487411            956.207146            0.344068             0.164430           36537.178321           0.396856             0.147519      
       22.40               5.016308              32784             9964.684997            1.584195             0.050071           17413.035398           1.098487             0.482662            780.063724            0.367919             0.118564           37292.078699           0.396840             0.143638      
       22.50               5.016308              32856             9713.051537            1.584363             0.052989           19476.429766           1.042131             0.499333            276.796805            0.375727             0.157476           35983.584710           0.394902             0.146617      
       22.60               5.016308              32864             10216.318456           1.580413             0.053950           17538.852128           1.080059             0.478563             0.000000             0.000000             0.000000           37694.692234           0.395573             0.150337      
       22.70               5.016308              32856             10342.135186           1.578397             0.053298           18016.955701           1.058225             0.478120           2541.497941            0.381271             0.148819           34549.273991           0.394827             0.150644      
       22.80               5.016308              32965             10216.318456           1.574050             0.054826           16783.951749           1.108023             0.464014           2742.804709            0.373340             0.132518           35706.787904           0.400428             0.156049      
       22.90               5.016308              32962             10115.665072           1.575082             0.057008           17060.748555           1.105930             0.462518           2164.047752            0.388161             0.132730           36109.401439           0.397653             0.153735      
       23.00               5.016308              32887             9335.601348            1.575903             0.052757           18646.039350           1.087630             0.479110           1434.310719            0.359057             0.140841           36033.911402           0.402204             0.152857      
       23.10               5.016308              32680             10191.155110           1.574503             0.057145           16934.931825           1.094660             0.463400           1056.860530            0.389834             0.124539           37266.915353           0.402609             0.159379      
       23.20               5.016308              32904             9813.704921            1.574227             0.053866           18268.589160           1.070800             0.471503           1987.904330            0.381809             0.141024           35379.664407           0.402208             0.160569      
       23.30               5.016308              32356             9838.868267            1.574063             0.056528           16683.298365           1.121181             0.451158           1736.270871            0.396827             0.163433           37191.425315           0.406518             0.157900      
       23.40               5.016308              32559             9587.234807            1.578766             0.051651           17312.382014           1.108513             0.454388           1233.003952            0.354419             0.158725           37317.242045           0.408283             0.155277      
       23.50               5.016308              32276             9209.784618            1.578756             0.051333           20080.350069           1.040171             0.480046           1233.003952            0.395781             0.162165           34926.724180           0.403273             0.157034      
       23.60               5.016308              32152             9889.194959            1.575760             0.059441           16758.788403           1.105748             0.462614           1434.310719            0.373699             0.141213           37367.568737           0.410784             0.157495      
       23.70               5.016308              32179             9989.848342            1.579503             0.057020           16079.378063           1.127407             0.450300            805.227070            0.376291             0.148024           38575.409343           0.409328             0.152532      
       23.80               5.016308              31959             9713.051537            1.579730             0.061089           16079.378063           1.138104             0.457883            452.940227            0.377533             0.129960           39204.492991           0.412835             0.158015      
       23.90               5.016308              31618             9838.868267            1.581686             0.059158           16255.521484           1.119127             0.465462            301.960151            0.490131             0.168864           39053.512916           0.412204             0.158071      
       24.00               5.016308              31769             9964.684997            1.579980             0.058179           16909.768479           1.089311             0.472688            855.553762            0.502598             0.174528           37719.855580           0.408432             0.150744      
       24.10               5.016308              31919             10065.338380           1.579877             0.058676           16205.194792           1.115692             0.462135            629.083649            0.454630             0.194713           38550.245997           0.408091             0.150805      
       24.20               5.016308              32049             10216.318456           1.582762             0.056060           15953.561333           1.110410             0.469410           1811.760908            0.472469             0.161908           37468.222121           0.407252             0.155363      
       24.30               5.016308              32246             9411.091386            1.583451             0.054330           17941.465663           1.090881             0.485037            729.737033            0.416588             0.160875           37367.568737           0.407359             0.147772      
       24.40               5.016308              32356             10165.991764           1.580367             0.057783           16909.768479           1.086177             0.469927           1132.350568            0.421248             0.164474           37241.752007           0.405190             0.148857      
       24.50               5.016308              32328             10165.991764           1.579187             0.053133           17287.218668           1.070386             0.480438            830.390416            0.360072             0.126406           37166.261969           0.407439             0.148827      
       24.60               5.016308              32280             9738.214883            1.578010             0.056347           18167.935777           1.062256             0.492206           1736.270871            0.365726             0.144887           35807.441288           0.410501             0.147452      
       24.70               5.016308              32298             9612.398153            1.579419             0.058326           18042.119047           1.078809             0.480216            478.103573            0.405770             0.146202           37317.242045           0.406247             0.151246      
       24.80               5.016308              32272             9687.888191            1.583317             0.054094           18016.955701           1.068271             0.489310             0.000000             0.000000             0.000000           37745.018926           0.408372             0.146762      
       24.90               5.016308              32058             9511.744769            1.582885             0.052954           16834.278441           1.125145             0.464506            679.410341            0.382685             0.129858           38424.429267           0.409713             0.152704      
       25.00               5.016308              31969             9461.418078            1.584012             0.055051           17312.382014           1.106491             0.480965           1157.513914            0.391356             0.166549           37518.548813           0.410570             0.150064      
       25.10               5.016308              31988             9008.477850            1.586728             0.051367           18520.222620           1.093075             0.486338           1333.657335            0.395904             0.171402           36587.505013           0.408172             0.153734      
       25.20               5.016308              32003             9436.254732            1.584421             0.057629           17865.975625           1.091348             0.486138           1182.677260            0.339907             0.140038           36964.955202           0.409821             0.149371      
       25.30               5.016308              32081             9687.888191            1.584040             0.052909           17362.708706           1.091477             0.482295             0.000000             0.000000             0.000000           38399.265921           0.408940             0.145985      
       25.40               5.016308              32138             10216.318456           1.580021             0.055447           16180.031446           1.108960             0.467530            729.737033            0.389181             0.169371           38323.775883           0.407867             0.150495      
       25.50               5.016308              32196             9687.888191            1.578982             0.056617           17387.872052           1.102493             0.471098            729.737033            0.398774             0.148505           37644.365542           0.404895             0.148477      
       25.60               5.016308              32400             10442.788570           1.577069             0.057858           15576.111144           1.119792             0.465520            478.103573            0.336747             0.163787           38952.859532           0.408905             0.144584      
       25.70               5.016308              32353             10191.155110           1.574306             0.059501           17614.342166           1.065836             0.484081           1585.290795            0.400557             0.170276           36059.074748           0.403421             0.145155      
       25.80               5.016308              32258             10140.828418           1.572653             0.055732           18067.282393           1.054226             0.482253            603.920303            0.485163             0.117542           36637.831704           0.401552             0.147082      
       25.90               5.016308              32463             10417.625224           1.571471             0.058226           15903.234641           1.119772             0.458303            503.266919            0.371572             0.163986           38625.736035           0.404756             0.149252      
       26.00               5.016308              32620             10493.115262           1.574270             0.057627           15500.621106           1.126987             0.460222             0.000000             0.000000             0.000000           39456.126451           0.405818             0.149733      
       26.10               5.016308              32477             11122.198910           1.569294             0.060324           15324.477684           1.095633             0.462331             0.000000             0.000000             0.000000           39003.186224           0.403967             0.150180      
       26.20               5.016308              32445             10392.461878           1.569407             0.061192           17035.585209           1.076687             0.475662             0.000000             0.000000             0.000000           38021.815732           0.403663             0.150894      
       26.30               5.016308              32196             10291.808494           1.572707             0.059407           18067.282393           1.045592             0.483148           1560.127449            0.395481             0.157582           35530.644483           0.402638             0.144000      
       26.40               5.016308              32297             9964.684997            1.572955             0.057894           18092.445739           1.063814             0.481668           1509.800757            0.412637             0.168774           35882.931326           0.402866             0.145194      
       26.50               5.016308              32456             10342.135186           1.572209             0.056310           16381.338214           1.105526             0.457756            352.286843            0.408758             0.152017           38374.102575           0.403553             0.146666      
       26.60               5.016308              32485             9662.724845            1.576470             0.055055           17891.138971           1.089478             0.471565             0.000000             0.000000             0.000000           37895.999002           0.403077             0.146429      
       26.70               5.016308              32425             10065.338380           1.573121             0.058579           18771.856079           1.037244             0.483824           1056.860530            0.387941             0.143760           35555.807829           0.401763             0.140270      
       26.80               5.016308              32548             10820.238759           1.568635             0.064797           15978.724679           1.090012             0.457766             0.000000             0.000000             0.000000           38650.899381           0.403872             0.151256      
       26.90               5.016308              32416             9637.561499            1.571663             0.056452           16985.258517           1.126918             0.449358            603.920303            0.399059             0.137415           38223.122499           0.404755             0.150843      
       27.00               5.016308              32306             9763.378229            1.572919             0.056868           17538.852128           1.095226             0.460446            327.123497            0.339321             0.107559           37820.508964           0.405151             0.149442      
       27.10               5.016308              32249             9184.621272            1.570887             0.050737           18293.752506           1.101196             0.468237           2591.824633            0.381970             0.158887           35379.664407           0.408059             0.144674      
       27.20               5.016308              32187             10417.625224           1.570224             0.058836           16054.214717           1.098839             0.454237            805.227070            0.406097             0.156689           38172.795807           0.410607             0.150734      
       27.30               5.016308              32096             9461.418078            1.570378             0.057088           17664.668858           1.098860             0.462407           2918.948130            0.405626             0.163814           35404.827753           0.410876             0.148941      
       27.40               5.016308              31913             9813.704921            1.572800             0.053891           18268.589160           1.048302             0.478725            956.207146            0.422503             0.154835           36411.361591           0.412234             0.153272      
       27.50               5.016308              31773             10090.501726           1.572568             0.054212           17035.585209           1.074809             0.476173            327.123497            0.437144             0.130414           37996.652386           0.412642             0.149491      
       27.60               5.016308              31778             10015.011688           1.575535             0.051061           17211.728630           1.070549             0.480596            578.756957            0.471701             0.146978           37644.365542           0.412333             0.153910      
       27.70               5.016308              31766             10216.318456           1.575323             0.053488           16406.501560           1.087069             0.475050            981.370492            0.415745             0.169525           37845.672310           0.413865             0.153555      
       27.80               5.016308              31846             9914.358305            1.578216             0.052689           16356.174868           1.108328             0.467161            377.450189            0.450391             0.096982           38801.879456           0.413769             0.151687      
       27.90               5.016308              31850             10266.645148           1.575198             0.052436           15601.274490           1.118114             0.458415             0.000000             0.000000             0.000000           39581.943181           0.413926             0.152896      
       28.00               5.016308              31870             10367.298532           1.570612             0.058369           16331.011522           1.084991             0.472961            503.266919            0.429196             0.151118           38248.285845           0.412620             0.151495      
       28.10               5.016308              32001             10040.175034           1.571586             0.055524           17387.872052           1.067411             0.483654           1107.187222            0.400113             0.136722           36914.628510           0.412248             0.152939      
       28.20               5.016308              32042             10241.481802           1.570378             0.059412           16708.461711           1.074725             0.478626            679.410341            0.428313             0.170787           37820.508964           0.414299             0.159065      
       28.30               5.016308              32167             10015.011688           1.571940             0.053014           16154.868100           1.113225             0.471708            578.756957            0.345568             0.146102           38701.226072           0.415310             0.156772      
       28.40               5.016308              32000             9939.521651            1.571202             0.047496           18721.529387           1.033302             0.486519           1308.493989            0.411160             0.180250           35480.317791           0.408677             0.146802      
       28.50               5.016308              32118             10065.338380           1.568154             0.050790           16859.441787           1.086809             0.475483            251.633460            0.468936             0.104842           38273.449191           0.412166             0.146787      
       28.60               5.016308              32214             10392.461878           1.569695             0.044388           16003.888025           1.092609             0.463386             0.000000             0.000000             0.000000           39053.512916           0.414841             0.152766      
       28.70               5.016308              32091             9260.111310            1.569960             0.051416           18746.692733           1.063441             0.483502            654.246995            0.421859             0.163882           36788.811780           0.414528             0.151810      
       28.80               5.016308              31865             9184.621272            1.571649             0.050113           18142.772431           1.083682             0.474992           1056.860530            0.382264             0.142484           37065.608586           0.418177             0.153699      
       28.90               5.016308              31784             8681.354353            1.571299             0.049706           20256.493490           1.046627             0.487724           3120.254898            0.439708             0.152312           33391.760077           0.412856             0.154355      
       29.00               5.016308              31818             9788.541575            1.570612             0.053426           17463.362090           1.078429             0.459141           1107.187222            0.388372             0.133391           37090.771932           0.414200             0.151244      
       29.10               5.016308              31827             9411.091386            1.573356             0.052003           17689.832203           1.088874             0.465915           1811.760908            0.438248             0.182591           36537.178321           0.414290             0.146108      
       29.20               5.016308              31759             9612.398153            1.575257             0.056133           17312.382014           1.089394             0.467729             0.000000             0.000000             0.000000           38525.082651           0.415262             0.153336      
       29.30               5.016308              31762             9209.784618            1.575498             0.052626           18469.895928           1.073910             0.480459            830.390416            0.390178             0.162962           36939.791856           0.415027             0.153964      
       29.40               5.016308              31811             9360.764694            1.580106             0.052922           17438.198744           1.104300             0.464690            654.246995            0.449372             0.193990           37996.652386           0.412089             0.154151      
       29.50               5.016308              31911             9486.581423            1.583078             0.054144           17614.342166           1.091156             0.472444             0.000000             0.000000             0.000000           38348.939229           0.411015             0.151002      
       29.60               5.016308              31894             9788.541575            1.582258             0.055645           15802.581257           1.140004             0.461123            301.960151            0.510001             0.120137           39556.779835           0.413153             0.159227      
       29.70               5.016308              31855             9713.051537            1.583951             0.062579           16532.318290           1.117266             0.461516            377.450189            0.400053             0.165113           38827.042802           0.411904             0.153309      
       29.80               5.016308              32047             9360.764694            1.582243             0.060008           17865.975625           1.091852             0.475181           1182.677260            0.437989             0.141395           37040.445240           0.409390             0.154262      
       29.90               5.016308              32115             10115.665072           1.578245             0.061607           16733.625057           1.082969             0.473107           1207.840606            0.404855             0.151252           37392.732083           0.412487             0.151449      
       30.00               5.016308              32071             9939.521651            1.572007             0.061026           16557.481636           1.106569             0.467671            805.227070            0.411064             0.153788           38147.632462           0.412136             0.147017      
       30.10               5.016308              32058             9713.051537            1.570464             0.063139           18570.549312           1.050319             0.484870           1258.167298            0.409326             0.148960           35908.094672           0.410103             0.155414      
       30.20               5.016308              32007             9587.234807            1.571882             0.063218           17060.748555           1.112143             0.459921           1258.167298            0.433965             0.157131           37543.712159           0.410455             0.151386      
       30.30               5.016308              32142             9134.294580            1.571331             0.058707           19929.369993           1.044489             0.489884            805.227070            0.408580             0.146095           35580.971175           0.407577             0.147516      
       30.40               5.016308              32119             9209.784618            1.571481             0.061580           18444.732582           1.085405             0.479802           2365.354519            0.442217             0.144015           35429.991099           0.408157             0.147764      
