      tauB          sizeBin        clust_size        int_id          bub_id            Na              Nb            radius        radius_err        sa_ext          sa_int        edge_width    edge_width_err       NBin     
      0.00          5.025009           10              1               1             50000           50000          0.000000        0.000000        0.000000        0.000000        0.000000        0.000000          5184     
      0.10          5.025009          2797             1               1             49972           49973          8.034733        0.161796       50.578285        0.000000        8.034733        0.161796          5180     
      0.20          5.025009          3030             1               1             49790           49787          8.045239        0.223853       50.845688        0.000000        8.045239        0.223853          5148     
      0.20          5.025009          3030             1               0              210             213           0.000000        0.000000        0.000000        0.000000        0.000000        0.000000           36      
      0.30          5.025009          3885             1               1             49680           49686          8.642416        1.268030       56.182759        0.000000        8.642416        1.268030          5131     
      0.30          5.025009          3885             1               0              320             314           0.000000        0.000000        0.000000        0.000000        0.000000        0.000000           53      
      0.40          5.025009          4195             1               1             49766           49767          8.045239        0.223853       50.845688        0.000000        8.045239        0.223853          5144     
      0.40          5.025009          4195             1               0              234             233           0.000000        0.000000        0.000000        0.000000        0.000000        0.000000           40      
      0.50          5.025009          3037             1               1             48990           49105          7.903091        0.243752       49.781041        0.000000        7.903091        0.243752          5031     
      0.50          5.025009          3037             1               0              1010            895           0.000000        0.000000        0.000000        0.000000        0.000000        0.000000          153      
      0.60          5.025009          3650             1               1             45814           45941         19.371560        8.217910       256.246655       0.000000       19.371560        8.217910          4526     
      0.60          5.025009          3650             1               0              4186            4059          0.000000        0.000000        0.000000        0.000000        0.000000        0.000000          658      
      0.70          5.025009          3762             1               1             44552           44628         143.350131      16.336873       214.695380      50.578285       135.315398      16.498669          4357     
      0.80          5.025009          4591             1               1             44147           44593         16.928288        7.853539       197.729113       0.000000       16.928288        7.853539          4298     
      0.80          5.025009          4591             1               0              5853            5407          0.000000        0.000000        0.000000        0.000000        0.000000        0.000000          886      
      0.90          5.025009          4147             1               1             42441           42738         146.406287      32.249076      1211.459490      47.958009       138.932684      33.051403          4027     
      1.00          5.025009          4474             1               1             40436           40864         112.381927      48.817282      2435.349540       0.000000       112.381927      48.817282          3739     
      1.00          5.025009          4474             1               0              9564            9136          0.000000        0.000000        0.000000        0.000000        0.000000        0.000000          1445     
      1.10          5.025009          5501             1               1             38782           39472         109.108952      33.021102      1464.078295       0.000000       109.108952      33.021102          3477     
      1.10          5.025009          5501             1               0             11107           10423          0.000000        0.000000        0.000000        0.000000        0.000000        0.000000          1707     
      1.20          5.025009          6524             1               1             37442           38412         125.378165      55.186913      1700.669870       0.000000       125.378165      55.186913          3278     
      1.20          5.025009          6524             1               0             12353           11392          0.000000        0.000000        0.000000        0.000000        0.000000        0.000000          1886     
      1.20          5.025009          6524             1               3              205             196           9.028071        1.969531       63.080906        0.000000        9.028071        1.969531           20      
      1.30          5.025009          9032             1               1             30429           31690         162.261555      38.788202       391.864031      70.462295       151.249042      39.504456          2497     
      1.30          5.025009          9032             1               7              1621            1733         25.791763        1.892979       172.509017       0.000000       25.791763        1.892979          107      
      1.30          5.025009          9032             1               5              1549            1636         25.898744        3.405822       178.413741       0.000000       25.898744        3.405822          106      
      1.30          5.025009          9032             1               2               96              94           3.735471        1.308734       33.320342        0.000000        3.735471        1.308734           13      
      1.40          5.025009         10095             6               6              3495            3935         43.572459       10.209845       313.216888      60.606014       34.123173       11.227902          252      
      1.40          5.025009         10095             6               1             12403           12390         166.678300      21.944165       260.205873      62.957336       156.839962      22.561814          1089     
      1.40          5.025009         10095             6               4              5452            5976         50.150602       19.247905       406.549723       0.000000       50.150602       19.247905          364      
      1.40          5.025009         10095             6               2              4010            4422         43.511017        4.287012       315.545658      95.485556       28.907527        6.354705          260      
      1.40          5.025009         10095             6               8              3701            4005          0.000000        0.000000        0.000000        0.000000        0.000000        0.000000          273      
      1.50          5.025009         11125             6               6              3633            4089         41.981370        2.821192       289.707360      74.294172       30.522607        4.497948          246      
      1.50          5.025009         11125             6               1             10109           10155         14.318831        4.757874       113.514312       0.000000       14.318831        4.757874          871      
      1.50          5.025009         11125             6               5              5467            6023         56.839233       23.080633       383.117187      64.694074       46.683937       23.945654          363      
      1.50          5.025009         11125             6               2              4295            4706         46.390474        4.562114       313.805819      120.777401      28.325762        7.606379          287      
      1.50          5.025009         11125             6               7              3904            4187          0.000000        0.000000        0.000000        0.000000        0.000000        0.000000          278      
      1.60          5.025009         11975             7               7              3656            3967         43.544837       15.863958       315.102411      71.969161       33.081057       18.396864          238      
      1.60          5.025009         11975             7               1              7814            7914         124.871474      50.934128      1334.827442      74.318126       113.460676      52.362239          607      
      1.60          5.025009         11975             7               4              5298            5795         57.667925       25.074673       382.662442      103.562686      43.437662       28.958894          338      
      1.60          5.025009         11975             7               2              4299            4726         46.824799        3.729702       315.254274      141.899529      25.400618        7.378836          276      
      1.60          5.025009         11975             7               6              3604            4116          0.000000        0.000000        0.000000        0.000000        0.000000        0.000000          238      
      1.70          5.025009         12849             11              11             6057            6508         59.206365       21.596184       410.030828      102.568295      43.529737       23.472755          390      
      1.70          5.025009         12849             11              2              5471            5707         55.246654       17.685582       401.254019      99.381425       40.294641       20.285407          354      
      1.70          5.025009         12849             11              3              4836            5325         49.091500        3.069886       328.017996      136.938081      28.729894        6.788204          309      
      1.70          5.025009         12849             11              9              4048            4566         49.056283       10.300200       378.527071      123.251074      30.759993       12.909928          277      
      1.70          5.025009         12849             11              12             3888            4256          0.000000        0.000000        0.000000        0.000000        0.000000        0.000000          259      
      1.80          5.025009         13611             10              10             5881            6394         57.735583       21.083965       394.706126      102.159437      42.072663       23.030452          366      
      1.80          5.025009         13611             10              2              5866            6048         57.913589       17.260388       440.780477      117.017924      40.364189       20.469287          400      
      1.80          5.025009         13611             10              4              5035            5458         52.175761        4.976420       357.473865      169.186566      28.506531       11.105264          339      
      1.80          5.025009         13611             10              11             4324            4742         48.184685        4.583182       339.866977      139.635625      27.568180        7.511695          301      
      1.80          5.025009         13611             10              12             3945            4208          0.000000        0.000000        0.000000        0.000000        0.000000        0.000000          262      
      1.90          5.025009         14290             4               4              5597            6008         54.905738       11.970879       383.279473      226.184337      25.304362       23.452735          349      
      1.90          5.025009         14290             4               1              5756            5857         57.105511       17.829651       403.120034      139.312229      35.732439       20.379632          361      
      1.90          5.025009         14290             4               2              5102            5458         52.533660        4.830778       370.874201      176.635242      26.803232       10.158166          332      
      1.90          5.025009         14290             4               5              4407            4784         48.307548        3.281603       334.677133      157.267296      25.602218        7.221823          288      
      1.90          5.025009         14290             4               6              3936            4151          0.000000        0.000000        0.000000        0.000000        0.000000        0.000000          250      
      2.00          5.025009         14853             7               7              5820            6217         57.597900       14.680776       414.828827      230.000044      28.368561       25.790015          370      
      2.00          5.025009         14853             7               6              9647           10295         87.832548       41.395692       842.590164      70.934044       77.062061       43.366896          650      
      2.00          5.025009         14853             7               2              5969            6059         58.516211       17.130222       436.083962      146.968008      36.023128       19.996350          379      
      2.00          5.025009         14853             7               3              5141            5519         54.903387        5.459779       387.794277      187.267778      27.168763        9.428564          343      
      2.00          5.025009         14853             7               1              4010            4126         99.898894       44.895998      1611.901716      138.083224      78.851534       47.630096          289      
      2.10          5.025009         15271             3               3             10842           11546         53.896253       11.611087       307.213096      202.468887      23.798998       16.865792          701      
      2.10          5.025009         15271             3               6              9803           10324         83.987965       40.411728       795.228203      77.128768       72.192950       42.000290          628      
      2.10          5.025009         15271             3               2              6237            6193         62.036855       19.768329       480.542767      166.932705      36.674636       22.676870          418      
      2.10          5.025009         15271             3               1              3890            4040         46.132344        6.292723       310.242301      142.962137      24.209239        8.644442          255      
