      tauB          sizeBin        clust_size        int_id          bub_id            Na              Nb            radius        radius_err        sa_ext          sa_int        edge_width    edge_width_err       NBin     
      0.00          5.025009         62664             1               1             10736           10627         124.164748       3.227059       830.478051      676.752207      22.682349        6.282071          821      
      0.10          5.025009         63315             1               1             10234           10104         124.342218       3.758666       875.944198      677.116816      21.602841        5.707458          807      
      0.20          5.025009         63995             1               1              9904            9833         125.980259       4.188406       907.314566      677.943491      21.949201        5.940177          822      
      0.30          5.025009         64691             2               2              9834            9703         126.509686       4.160772       885.911103      689.085310      21.705290        5.954847          819      
      0.40          5.025009         65125             1               1              9527            9396         126.400818       3.740842       887.771268      701.620897      20.539592        6.023028          794      
      0.50          5.025009         65652             1               1             10191           10121         129.355181       4.597905       936.103824      704.082520      23.590046        7.365440          892      
      0.60          5.025009         66088             3               3              9944            9819         128.012726       5.092755       918.727163      706.969559      21.752650        8.043340          834      
      0.70          5.025009         66442             2               2             10233           10251         129.076040       4.765319       941.903516      713.693351      22.936698        7.565915          874      
      0.70          5.025009         66442             2               1               59              58           4.486467        1.200197       33.537704        0.000000        4.486467        1.200197           10      
      0.80          5.025009         66781             3               3             10439           10340         131.413796       7.695392      1033.108860      721.082158      25.109239       11.315451          900      
      0.80          5.025009         66781             3               4               93             100           7.763706        3.534164       72.895791        0.000000        7.763706        3.534164           17      
      0.80          5.025009         66781             3               5               76              93           8.190695        0.702672       53.369920        0.000000        8.190695        0.702672           17      
      0.90          5.025009         66974             2               2             10720           10730         130.558765       7.626169      1005.545772      708.746885      24.626596       11.081797          898      
      0.90          5.025009         66974             2               5               58              61           4.827953        2.824054       51.013876        0.000000        4.827953        2.824054           12      
      1.00          5.025009         67201             1               1             11271           11175         134.003281       9.787587      1107.653649      713.095861      27.799126       12.724794          983      
      1.00          5.025009         67201             1               3              515             464          11.221956        2.118919       76.524593        0.000000       11.221956        2.118919           27      
      1.00          5.025009         67201             1               8               86              77           7.666319        2.276260       63.971235        0.000000        7.666319        2.276260           17      
      1.10          5.025009         67461             5               5             11306           11229         131.112618       6.852784       991.106264      716.510633      25.075237       10.316290          959      
      1.10          5.025009         67461             5               7              222             218          15.145285        4.863629       115.879062       0.000000       15.145285        4.863629           41      
      1.10          5.025009         67461             5               3              117             129           9.774215        1.822510       69.635182        0.000000        9.774215        1.822510           23      
      1.10          5.025009         67461             5               1               74              63           5.779933        2.127834       41.599291        0.000000        5.779933        2.127834           11      
      1.10          5.025009         67461             5               8               60              64           4.317002        1.373236       40.288402        0.000000        4.317002        1.373236           11      
      1.20          5.025009         67738             4               4             12189           12222         135.996880      49.324028      1126.286087      356.552728      89.551328       72.209732          1085     
      1.20          5.025009         67738             4               3              118             140           9.082148        3.213489       86.571544        0.000000        9.082148        3.213489           25      
      1.20          5.025009         67738             4               8               78              76           7.297419        1.253022       47.872659        0.000000        7.297419        1.253022           15      
      1.20          5.025009         67738             4               12              70              63           4.589989        2.333828       41.236845        0.000000        4.589989        2.333828           11      
      1.20          5.025009         67738             4               7               55              67           0.000000        0.000000        0.000000        0.000000        0.000000        0.000000           12      
      1.30          5.025009         67740             5               5             12027           11975         132.656270       8.530463       993.977372      711.569511      27.473238       12.109551          1000     
      1.30          5.025009         67740             5               4              117             126           9.562865        1.487112       75.250673        0.000000        9.562865        1.487112           22      
      1.30          5.025009         67740             5               9               81              80           8.104126        3.808491       62.928159        0.000000        8.104126        3.808491           15      
      1.30          5.025009         67740             5               7               86              71           8.615986        2.272881       59.652602        0.000000        8.615986        2.272881           18      
      1.30          5.025009         67740             5               2               69              69           0.000000        0.000000        0.000000        0.000000        0.000000        0.000000           13      
      1.40          5.025009         67906             8               8             13152           13090         131.430310       7.311515       968.421197      722.906585      28.012928       11.879667          1084     
      1.40          5.025009         67906             8               15             452             494          10.020731        3.892121       82.924030        0.000000       10.020731        3.892121           26      
      1.40          5.025009         67906             8               14             352             333          19.506803        7.685200       191.353103       0.000000       19.506803        7.685200           73      
      1.40          5.025009         67906             8               3              249             223          14.888261        3.804499       108.395789       0.000000       14.888261        3.804499           41      
      1.40          5.025009         67906             8               17              93              99           0.000000        0.000000        0.000000        0.000000        0.000000        0.000000           20      
      1.50          5.025009         67929             9               9             12703           12739         130.076035       5.787562       941.992613      751.295432      26.948137       11.321726          978      
      1.50          5.025009         67929             9               17             1015            1005         26.762831       14.461769       139.028223      14.731046       24.653629       15.523843           56      
      1.50          5.025009         67929             9               3              254             263          105.299699      56.435802       869.373929       0.000000       105.299699      56.435802           47      
      1.50          5.025009         67929             9               16             193             189          12.988912        1.648720       86.469256        0.000000       12.988912        1.648720           34      
      1.50          5.025009         67929             9               8              183             169           0.000000        0.000000        0.000000        0.000000        0.000000        0.000000           38      
      1.60          5.025009         68001             8               8             13192           13228         150.695326       7.262012       72.321009       717.686488      48.102732       11.881847          1046     
      1.60          5.025009         68001             8               16             745             680          14.824957        7.351134       98.456575       31.717753       10.489353        9.574529           40      
      1.60          5.025009         68001             8               15             175             201           4.692590        1.435512       37.217164        0.000000        4.692590        1.435512           10      
      1.60          5.025009         68001             8               9              165             164          13.150306        3.603667       101.325151       0.000000       13.150306        3.603667           36      
      1.60          5.025009         68001             8               3              147             151           0.000000        0.000000        0.000000        0.000000        0.000000        0.000000           27      
      1.70          5.025009         67733             7               7             13914           13725         166.240775       4.034152       34.899476       493.773369      109.307878      25.743577          1054     
      1.70          5.025009         67733             7               17             287             236          15.934531        3.712981       111.909226       0.000000       15.934531        3.712981           48      
      1.70          5.025009         67733             7               11             203             188           7.897105        3.365573       38.555495        6.416014        6.880837        3.507579           11      
      1.70          5.025009         67733             7               21             100              82           8.941410        2.908695       67.679794        0.000000        8.941410        2.908695           21      
      1.70          5.025009         67733             7               1               79              97           0.000000        0.000000        0.000000        0.000000        0.000000        0.000000           16      
      1.80          5.025009         67860             3               3             11462           11445         134.535608      48.249210       889.167893      389.571506      84.331816       71.045984          874      
      1.80          5.025009         67860             3               7              462             403          13.510997        3.438318       59.918340        6.416014       12.494729        3.580324           25      
      1.80          5.025009         67860             3               9              321             307          18.327127        7.144845       157.733184       0.000000       18.327127        7.144845           59      
      1.80          5.025009         67860             3               6              227             196           8.587387        2.283351       29.025996        9.265230        7.454236        2.840725           12      
      1.80          5.025009         67860             3               4               89              69           0.000000        0.000000        0.000000        0.000000        0.000000        0.000000           16      
