      tauB          sizeBin        clust_size        int_id          bub_id            Na              Nb            radius        radius_err        sa_ext          sa_int        edge_width    edge_width_err       NBin     
      0.00          5.025009         62673             1               1             10897           10718         123.421281       2.848433       828.045317      686.584266      22.546073        7.538095          809      
      0.10          5.025009         63254             2               2             10295           10116         123.993206       3.179405       865.322849      679.427327      21.538722        5.674380          793      
      0.10          5.025009         63254             2               1               47              61           3.832862        1.206959       30.148075        0.000000        3.832862        1.206959           10      
      0.20          5.025009         63967             1               1              9980           10113         125.373563       3.162068       862.033303      677.821189      21.772871        5.138231          813      
      0.30          5.025009         64438             1               1             10053           10404         126.522804       4.074319       887.370328      684.282033      22.519125        6.063395          842      
      0.40          5.025009         64927             3               3             10853           11289         129.992947       6.968109      1031.444959      682.996521      26.445346        9.228569          947      
      0.50          5.025009         65403             3               3             10560           11282         129.837514       6.273143       937.749754      692.748737      25.621511        8.797623          930      
      0.50          5.025009         65403             3               2               80              97           6.010745        1.745590       61.948516        0.000000        6.010745        1.745590           14      
      0.50          5.025009         65403             3               1               76              68           4.445894        2.609893       35.295105        0.000000        4.445894        2.609893           11      
      0.50          5.025009         65403             3               7               58              73           5.892627        0.953109       41.230240        0.000000        5.892627        0.953109           12      
      0.60          5.025009         65669             5               5             10683           11521         128.853844       6.692200       941.152200      705.122522      24.965521       10.187856          911      
      0.60          5.025009         65669             5               3               88             114           7.898035        1.376864       53.030129        0.000000        7.898035        1.376864           17      
      0.60          5.025009         65669             5               9               63              78           7.230953        2.870947       54.563438        0.000000        7.230953        2.870947           12      
      0.60          5.025009         65669             5               4               59              53           5.293240        2.653464       47.259624        0.000000        5.293240        2.653464           11      
      0.70          5.025009         65662             3               3             10409           11380         127.761663       5.711221       951.517023      695.128450      23.741658        9.245223          871      
      0.70          5.025009         65662             3               6              222             242          12.649458        6.175031       56.095437        0.000000       12.649458        6.175031           13      
      0.70          5.025009         65662             3               1               97              79           7.785919        3.695815       59.661029        0.000000        7.785919        3.695815           16      
      0.70          5.025009         65662             3               8               73              74           8.058811        3.325358       63.220838        0.000000        8.058811        3.325358           15      
      0.70          5.025009         65662             3               7               73              63           0.000000        0.000000        0.000000        0.000000        0.000000        0.000000           14      
      0.80          5.025009         65782             5               5             10530           11649         128.502622       7.941778       944.984917      697.627526      24.761789       11.531143          870      
      0.80          5.025009         65782             5               8              568             616          13.875837        6.138166       91.119412       17.052763       11.364555        7.490015           32      
      0.80          5.025009         65782             5               9              154             157          10.740569        5.219620       121.600576       0.000000       10.740569        5.219620           30      
      0.80          5.025009         65782             5               13              66              78           5.158402        2.312602       57.303896        0.000000        5.158402        2.312602           13      
      0.80          5.025009         65782             5               10              60              58           4.648212        1.034334       32.098085        0.000000        4.648212        1.034334           10      
      0.90          5.025009         65808             7               7             10956           12220         122.745949       6.351150       312.707189      715.594257      19.726056       10.044854          910      
      0.90          5.025009         65808             7               11             536             570          10.910542        5.114627       95.924010       21.553950        7.892426        6.408976           31      
      0.90          5.025009         65808             7               10             412             391           8.694048        2.840086       64.930902        0.000000        8.694048        2.840086           22      
      0.90          5.025009         65808             7               4              147             120          10.397037        3.025567       78.886202        0.000000       10.397037        3.025567           24      
      0.90          5.025009         65808             7               1              129             112           0.000000        0.000000        0.000000        0.000000        0.000000        0.000000           23      
      1.00          5.025009         65871             7               7             11974           13273         148.764283      21.824245       326.594203      339.486028      104.741946      43.138391          977      
      1.00          5.025009         65871             7               10             382             373           8.923505        1.342278       59.241982        0.000000        8.923505        1.342278           21      
      1.00          5.025009         65871             7               14             107              89           8.129275        2.465300       65.697303        0.000000        8.129275        2.465300           18      
      1.00          5.025009         65871             7               8               95              94           6.620687        1.009428       44.644416        0.000000        6.620687        1.009428           15      
      1.00          5.025009         65871             7               11              88              87           0.000000        0.000000        0.000000        0.000000        0.000000        0.000000           18      
      1.10          5.025009         65843             9               9             12787           14113         134.374894      14.932483      1221.511567      789.957018      35.785042       25.227762          1081     
      1.10          5.025009         65843             9               22             478             484          11.082466        4.841248       132.849467       0.000000       11.082466        4.841248           27      
      1.10          5.025009         65843             9               26             288             297           7.282079        2.423474       63.679919        0.000000        7.282079        2.423474           16      
      1.10          5.025009         65843             9               21             267             256           5.587731        1.991977       59.405886        0.000000        5.587731        1.991977           14      
      1.10          5.025009         65843             9               2              229             231           0.000000        0.000000        0.000000        0.000000        0.000000        0.000000           46      
      1.20          5.025009         65625             9               9             13066           14441         126.486221       5.678773       960.663362      778.021222      33.371820       20.961003          1001     
      1.20          5.025009         65625             9               15             778             756          14.916224        2.243355       105.295260       0.000000       14.916224        2.243355           44      
      1.20          5.025009         65625             9               13             286             292           7.789646        3.190317       66.870974        0.000000        7.789646        3.190317           16      
      1.20          5.025009         65625             9               12             210             252           6.394897        2.841758       62.024679        0.000000        6.394897        2.841758           13      
      1.20          5.025009         65625             9               1              162             188           0.000000        0.000000        0.000000        0.000000        0.000000        0.000000           32      
      1.30          5.025009         65807             2               2             18464           19756         157.768768      31.230741      2580.721350      928.797572      72.491522       57.861943          1632     
      1.30          5.025009         65807             2               12             1353            1324         19.525342        3.226524       139.913320       0.000000       19.525342        3.226524           75      
      1.30          5.025009         65807             2               1              276             290          105.568063      55.802325       872.707140       0.000000       105.568063      55.802325           47      
      1.30          5.025009         65807             2               14             268             267           9.895251        3.647082       84.195414        0.000000        9.895251        3.647082           51      
      1.30          5.025009         65807             2               4              193             187           0.000000        0.000000        0.000000        0.000000        0.000000        0.000000           36      
      1.40          5.025009         65573             10              10            11497           13130         128.659515      10.319258       970.725701      706.215325      27.308657       14.820166          943      
      1.40          5.025009         65573             10              20             1015            971          27.891639       12.259159       107.022067      14.116583       25.713387       12.894051           55      
      1.40          5.025009         65573             10              17             911             911          17.550552        5.290886       137.867239       0.000000       17.550552        5.290886           52      
      1.40          5.025009         65573             10              2              429             460          14.658913        5.551898       129.457195       0.000000       14.658913        5.551898           84      
      1.40          5.025009         65573             10              8              210             194           0.000000        0.000000        0.000000        0.000000        0.000000        0.000000           38      
      1.50          5.025009         65482             9               9             11846           13417         135.652139      49.196278       882.051629      345.690905      90.104413       70.647910          930      
      1.50          5.025009         65482             9               16             1529            1485         26.161401       16.593463       188.075674      40.624937       20.523576       18.619349           84      
      1.50          5.025009         65482             9               13             757             768          15.109875        4.009722       126.819979       0.000000       15.109875        4.009722           44      
      1.50          5.025009         65482             9               14             176             187           5.157161        0.643720       33.114902        0.000000        5.157161        0.643720           10      
      1.50          5.025009         65482             9               1              156             151           0.000000        0.000000        0.000000        0.000000        0.000000        0.000000           33      
      1.60          5.025009         65323             4               4             11145           12924         124.878316       5.499234       878.582684      719.877708      24.213054        9.967886          867      
      1.60          5.025009         65323             4               10             2894            2810         39.155187       17.989792       334.917404      91.178525       27.913302       21.422257          160      
      1.60          5.025009         65323             4               3              228             238          15.485173        5.530766       169.718921       0.000000       15.485173        5.530766           45      
      1.60          5.025009         65323             4               7              158             130          11.324895        3.000734       88.335363        0.000000       11.324895        3.000734           28      
      1.60          5.025009         65323             4               9              138             127           0.000000        0.000000        0.000000        0.000000        0.000000        0.000000           25      
      1.70          5.025009         65140             8               8             11884           13680         124.760163       7.125994       850.701423      772.712722      26.914037       16.857729          907      
      1.70          5.025009         65140             8               12             2136            2040         33.942315       14.479824       149.992805      31.717753       29.606711       16.703218          117      
      1.70          5.025009         65140             8               9              137             127          10.087422        3.250228       75.581231        0.000000       10.087422        3.250228           23      
      1.70          5.025009         65140             8               4              120             134          12.217476        3.231607       88.989128        0.000000       12.217476        3.231607           31      
      1.70          5.025009         65140             8               1              139             114           0.000000        0.000000        0.000000        0.000000        0.000000        0.000000           26      
      1.80          5.025009         65094             10              10            11748           13577         126.708450       6.802356       947.918629      723.525960      27.946547       15.705453          938      
      1.80          5.025009         65094             10              14             2216            2131         35.381091       16.306771       173.226766      43.572820       29.322675       18.902416          122      
      1.80          5.025009         65094             10              21             147             114          11.274526        4.176919       88.559950        0.000000       11.274526        4.176919           24      
      1.80          5.025009         65094             10              15             107              97           6.786403        1.206248       48.923001        0.000000        6.786403        1.206248           15      
      1.80          5.025009         65094             10              22             109              92           0.000000        0.000000        0.000000        0.000000        0.000000        0.000000           20      
      1.90          5.025009         65246             7               7             12302           14124         131.326859      38.100697       882.270848      516.416816      72.305451       58.043302          971      
      1.90          5.025009         65246             7               12             1927            1850         37.536102       15.608733       135.049654      19.910431       34.809735       17.114215          107      
      1.90          5.025009         65246             7               14             162             120          10.770175        3.559066       126.991650       0.000000       10.770175        3.559066           30      
      1.90          5.025009         65246             7               2               96              83           8.934824        2.989321       64.400704        0.000000        8.934824        2.989321           19      
      1.90          5.025009         65246             7               6               91              79           0.000000        0.000000        0.000000        0.000000        0.000000        0.000000           15      
      2.00          5.025009         65174             8               8             11579           13613         126.372786       6.482321       934.547318      669.060510      26.777710       10.181662          934      
      2.00          5.025009         65174             8               14             1887            1774         25.396609        8.508789       219.913357       0.000000       25.396609        8.508789          105      
      2.00          5.025009         65174             8               12             716             729          15.491989        6.811584       121.788822       0.000000       15.491989        6.811584           39      
      2.00          5.025009         65174             8               4              104              85           7.991547        3.206864       64.614575        0.000000        7.991547        3.206864           17      
      2.00          5.025009         65174             8               18              95              91           0.000000        0.000000        0.000000        0.000000        0.000000        0.000000           17      
