      tauB          sizeBin        clust_size       Na_bulk         Nb_bulk        NBin_bulk         Na_gas          Nb_gas         NBin_gas         Na_int          Nb_int         NBin_int         Na_bub          Nb_bub         NBin_bub   
      0.00          5.016308         28399            3450            3315            184            10003            9942            1671           11547           11743            746              0               0               0       
      0.10          5.016308         28324            3763            3639            174            10484           10418            1783           10753           10943            644              0               0               0       
      0.20          5.016308         28619            3866            3764            164            10273           10209            1790           10861           11027            647              0               0               0       
      0.30          5.016308         29031            3985            3876            167             9951            9879            1758           11064           11245            676              0               0               0       
      0.40          5.016308         29437            4063            3928            173             9625            9539            1713           11312           11533            715              0               0               0       
      0.50          5.016308         29791            4250            4157            186             8992            8943            1604           11758           11900            811              0               0               0       
      0.60          5.016308         30132            5056            5038            228             8848            8783            1588           11096           11179            785              0               0               0       
      0.70          5.016308         30374            6531            6544            303             8797            8786            1599            9613            9617            689              59              53              10      
      0.80          5.016308         30692            7235            7324            345             8354            8351            1540            9109            9033            667             302             292              49      
      0.90          5.016308         30918            8178            8289            397             8073            8092            1486            8749            8619            718              0               0               0       
      1.00          5.016308         31229            8360            8489            412             7706            7658            1415            8804            8700            750             130             153              24      
      1.10          5.016308         31514            9199            9350            460             8185            8168            1533            7616            7482            608              0               0               0       
      1.20          5.016308         31855            9440            9546            476             8112            8079            1528            7448            7375            597              0               0               0       
      1.30          5.016308         32059            9718            9798            495             7960            7923            1514            7261            7219            582              61              60              10      
      1.40          5.016308         32208            9610            9705            493             7991            7933            1520            7399            7362            588              0               0               0       
      1.50          5.016308         32414           10210           10303            528             8104            8055            1560            6686            6642            513              0               0               0       
      1.60          5.016308         32684            9811            9917            510             7428            7399            1429            7653            7612            645             108              72              17      
      1.70          5.016308         32801            9908            9998            517             7467            7394            1450            7625            7608            634              0               0               0       
      1.80          5.016308         32935           10003           10089            524             7678            7648            1508            7319            7263            569              0               0               0       
      1.90          5.016308         32990            9628            9771            507             7054            6909            1370            8222            8237            705              96              83              19      
      2.00          5.016308         33084            9520            9644            501             6395            6304            1265            8332            8362            698             753             690             137      
      2.10          5.016308         33197            9729            9816            512             6810            6661            1354            7930            7999            639             531             524              96      
      2.20          5.016308         33386           10044           10129            531             7282            7090            1445            7577            7673            605              97             108              20      
      2.30          5.016308         33444            9920            9998            525             7341            7222            1460            7661            7717            605              78              63              11      
      2.40          5.016308         33503           10076           10173            535             7462            7275            1479            7396            7470            568              66              82              19      
      2.50          5.016308         33562           10251           10309            544             7397            7257            1476            7352            7434            581              0               0               0       
      2.60          5.016308         33634           10270           10350            547             7419            7329            1488            7311            7321            566              0               0               0       
      2.70          5.016308         33611           10088           10151            536             7400            7324            1485            7512            7525            580              0               0               0       
      2.80          5.016308         33724           10045           10088            534             7291            7216            1468            7664            7696            599              0               0               0       
      2.90          5.016308         33966            9314            9310            494             6852            6846            1394            8346            8312            672             488             532              41      
      3.00          5.016308         33955            9813            9913            524             6634            6594            1352            8117            8092            638             436             401              87      
      3.10          5.016308         34178            9883            9922            528             6694            6649            1367            8300            8316            681             123             113              25      
      3.20          5.016308         34337           10703           10732            574             7163            7055            1475            7087            7158            541              47              55              11      
      3.30          5.016308         34372           10008           10078            538             6804            6658            1397            7986            8049            621             202             215              45      
      3.40          5.016308         34384            9655            9740            521             6529            6439            1360            8730            8745            703              86              76              17      
      3.50          5.016308         34513            9509            9604            513             6079            6036            1272            9085            9058            758             327             302              58      
      3.60          5.016308         34530            9799            9866            528             6506            6408            1365            8455            8521            666             240             205              42      
      3.70          5.016308         34640           10015           10085            540             6795            6657            1412            8128            8195            638              62              63              11      
      3.80          5.016308         34802            9720            9815            523             6691            6566            1399            8589            8619            679              0               0               0       
      3.90          5.016308         34817            9236            9324            496             6067            5934            1263            9155            9227            734             542             515             108      
      4.00          5.016308         34767            9718            9788            521             6334            6144            1336            8667            8754            683             281             314              61      
      4.10          5.016308         34827            9739            9799            521             6619            6456            1407            8642            8745            673              0               0               0       
      4.20          5.016308         34808            9165            9267            491             6178            6040            1313            9209            9218            747             448             475              50      
      4.30          5.016308         34769            9417            9506            503             6607            6501            1399            8739            8782            648             237             211              51      
      4.40          5.016308         34832           10166           10209            542             6965            6868            1471            7791            7831            570              78              92              18      
      4.50          5.016308         34820            9819            9884            524             6608            6548            1401            8321            8324            623             252             244              53      
      4.60          5.016308         34709            9944            9988            530             6461            6405            1378            8347            8329            634             248             278              59      
      4.70          5.016308         34785            9663            9668            513             6475            6402            1382            8790            8866            692              72              64              14      
      4.80          5.016308         34761           10159           10171            540             6679            6576            1419            7958            8050            599             204             203              43      
      4.90          5.016308         34924           10464           10497            557             6690            6602            1429            7703            7725            583             143             176              32      
      5.00          5.016308         34880           10446           10451            557             6442            6362            1390            7818            7877            595             294             310              59      
      5.10          5.016308         35028           10547           10604            564             6662            6631            1436            7742            7713            589              49              52              12      
      5.20          5.016308         35069           10546           10590            564             6488            6511            1404            7966            7899            633              0               0               0       
      5.30          5.016308         35074           10787           10845            578             6692            6733            1448            7467            7367            565              54              55              10      
      5.40          5.016308         35081           10294           10367            552             6560            6653            1428            8146            7980            621              0               0               0       
      5.50          5.016308         35066           10164           10280            546             6676            6733            1454            8160            7987            601              0               0               0       
      5.60          5.016308         35130           10150           10235            544             6010            6086            1312            8608            8433            693             232             246              52      
      5.70          5.016308         35113            8685            8856            469             5796            5902            1283            9082            8885            742             1437            1357            107      
      5.80          5.016308         35173           10023           10081            538             5924            5950            1299            8652            8531            675             401             438              89      
      5.90          5.016308         35193           10568           10610            568             6486            6620            1435            7893            7707            588              53              63              10      
      6.00          5.016308         35308           10474           10549            565             6172            6312            1377            8354            8139            659              0               0               0       
      6.10          5.016308         35420           10429           10461            562             6251            6393            1403            8261            8093            625              59              53              11      
      6.20          5.016308         35601           10475           10534            565             6281            6367            1401            8177            8040            621              67              59              14      
      6.30          5.016308         35672           10544           10586            568             5922            6032            1327            8195            8055            635             339             327              71      
      6.40          5.016308         35686            9943            9896            533             6020            6066            1340            8727            8667            699             310             371              29      
      6.50          5.016308         35800           11300           11334            610             6750            6741            1467            6950            6925            524              0               0               0       
      6.60          5.016308         35651           10002           10039            540             6005            6027            1289            8626            8597            699             367             337              73      
      6.70          5.016308         35604           10679           10711            578             6827            6702            1443            7445            7516            567              49              71              13      
      6.80          5.016308         35726           10903           10985            592             6714            6572            1431            7270            7325            553             113             118              25      
      6.90          5.016308         35653           10304           10421            560             6225            6079            1363            8276            8322            639             195             178              39      
      7.00          5.016308         35642           10285           10276            554             6097            5953            1338            8618            8771            709              0               0               0       
      7.10          5.016308         35653           10505           10500            566             6374            6225            1402            8121            8275            633              0               0               0       
      7.20          5.016308         35558           10714           10693            577             6535            6417            1433            7751            7890            591              0               0               0       
      7.30          5.016308         35591           10266           10228            552             5952            5844            1310            8330            8480            646             452             448              93      
      7.40          5.016308         35744           10208           10250            551             5764            5769            1285            8792            8790            724             236             191              41      
      7.50          5.016308         35633           10220           10278            553             5514            5454            1229            8784            8814            718             482             454             101      
      7.60          5.016308         35753           10093           10147            547             5652            5630            1265            8318            8380            668             937             843             121      
      7.70          5.016308         35868           10860           10856            588             5926            5773            1313            8022            8164            654             192             207              46      
      7.80          5.016308         35780           10944           10979            595             5974            5933            1335            7863            7932            629             219             156              42      
      7.90          5.016308         35832           10256           10272            558             6073            5980            1349            8263            8369            650             408             379              44      
      8.00          5.016308         35838            9939            9892            539             6055            5987            1348            8555            8650            678             451             471              36      
      8.10          5.016308         35922            9504            9615            519             6094            5965            1350            8952            9002            708             450             418              24      
      8.20          5.016308         35893            9580            9628            521             5888            5757            1311            8968            9079            695             564             536              74      
      8.30          5.016308         35861            9628            9668            524             5902            5793            1320            9230            9292            704             240             247              53      
      8.40          5.016308         35927           10406           10366            565             5641            5560            1268            8479            8574            701             474             500              67      
      8.50          5.016308         36034           10729           10684            582             6068            6012            1371            8033            8134            612             170             170              36      
      8.60          5.016308         36030            9326            9358            507             5496            5519            1264            9570            9533            757             608             590              73      
      8.70          5.016308         35875           10468           10486            569             6001            6063            1371            8531            8451            661              0               0               0       
      8.80          5.016308         35902           10149           10172            552             5776            5788            1309            9021            8980            730              54              60              10      
      8.90          5.016308         35875           10969           10965            596             6467            6467            1416            7477            7473            568              87              95              21      
      9.00          5.016308         35956           10285           10319            560             5689            5704            1273            8602            8602            681             424             375              87      
      9.10          5.016308         35990            9907            9878            537             5664            5740            1288            9429            9382            776              0               0               0       
      9.20          5.016308         36130            9820            9848            534             5576            5659            1282            9432            9320            748             172             173              37      
      9.30          5.016308         36224            8995            8998            486             5396            5430            1240           10281           10239            803             328             333              72      
      9.40          5.016308         36147           10417           10466            568             6145            6183            1395            8202            8082            624             236             269              14      
      9.50          5.016308         36078           10051           10028            544             6060            6069            1387            8036            7966            612             853             937              58      
      9.60          5.016308         36034            9331            9376            507             5605            5611            1276            9357            9281            741             707             732              77      
      9.70          5.016308         35931           10039           10138            546             6214            6234            1405            8694            8560            639              53              68              11      
      9.80          5.016308         35879            9785            9909            531             5965            5996            1352            9047            8876            676             203             219              42      
      9.90          5.016308         35724            9871            9974            534             5979            6082            1355            8884            8672            653             266             272              59      
     10.00          5.016308         35812            9500            9542            511             5717            5797            1297            9237            9135            676             546             526             117      
     10.10          5.016308         35793            9903            9893            531             5751            5808            1296            8915            8882            732             431             417              42      
     10.20          5.016308         35724            8548            8596            459             5291            5386            1202           10283           10190            823             878             828             117      
     10.30          5.016308         35645            8705            8779            469             5733            5693            1275            9989            9959            729             573             569             128      
     10.40          5.016308         35660            9701            9770            523             6185            6117            1374            8929            8929            668             185             184              36      
     10.50          5.016308         35593            9779            9821            527             6190            6109            1360            8866            8901            683             165             169              31      
     10.60          5.016308         35546            9072            9132            489             5597            5586            1242           10030           10006            807             301             276              63      
     10.70          5.016308         35515            9565            9600            515             6184            6160            1343            9251            9240            743              0               0               0       
     10.80          5.016308         35411            9380            9444            505             6037            6001            1329            9450            9443            741             133             112              26      
     10.90          5.016308         35457            9674            9699            521             6539            6507            1407            8689            8690            651              98             104              22      
     11.00          5.016308         35418            9344            9386            504             5615            5635            1254            9791            9734            788             250             245              55      
     11.10          5.016308         35405            9472            9570            513             6186            6182            1370            8899            8823            665             443             425              53      
     11.20          5.016308         35508           10468           10533            568             6456            6475            1422            8011            7916            597              65              76              14      
     11.30          5.016308         35473           10373           10396            562             6177            6170            1357            8369            8341            663              81              93              19      
     11.40          5.016308         35611            9370            9410            506             5299            5245            1163            9622            9662            823             709             683             109      
     11.50          5.016308         35542           10226           10241            554             5776            5780            1261            8706            8680            721             292             299              65      
     11.60          5.016308         35623            9500            9522            514             5625            5588            1220            9379            9374            756             496             516             111      
     11.70          5.016308         35566            9652            9736            525             6085            6088            1357            9185            9096            703              78              80              16      
     11.80          5.016308         35529            9891            9908            537             5833            5816            1299            8871            8858            675             405             418              90      
     11.90          5.016308         35535            9785            9811            533             6105            6152            1357            8983            8916            686             127             121              25      
     12.00          5.016308         35614            9997           10036            547             5725            5808            1285            8909            8784            694             369             372              75      
     12.10          5.016308         35772           10390           10442            572             6017            6211            1356            8362            8146            628             231             201              45      
     12.20          5.016308         35709            9224            9231            506             5590            5731            1259           10022            9868            803             164             170              33      
     12.30          5.016308         35687            8856            8900            486             5874            6074            1320           10161            9921            770             109             105              25      
     12.40          5.016308         35728            8847            8946            488             5966            6135            1331           10097            9821            763              90              98              19      
     12.50          5.016308         35714            8678            8761            476             6015            6162            1355           10307           10077            770              0               0               0       
     12.60          5.016308         35738            8406            8468            460             5623            5773            1271           10555           10325            779             416             434              91      
     12.70          5.016308         35661            8115            8202            444             6107            6268            1379           10733           10461            765              45              69              13      
     12.80          5.016308         35653            8267            8309            449             5807            5957            1307           10526           10322            754             400             412              91      
     12.90          5.016308         35689            9081            9174            494             6183            6314            1388            9675            9457            706              61              55              13      
     13.00          5.016308         35710            9136            9234            495             5973            6126            1354            9795            9544            734              96              96              18      
     13.10          5.016308         35752            8960            9054            485             5894            6035            1333           10085            9849            772              61              62              11      
     13.20          5.016308         35815            9458            9506            510             6205            6305            1402            9337            9189            689              0               0               0       
     13.30          5.016308         35866            8980            8919            481             5839            5941            1319           10005            9941            755             176             199              46      
     13.40          5.016308         35841            9164            9217            494             5749            5805            1292            9798            9675            748             289             303              67      
     13.50          5.016308         35871            8471            8499            456             4588            4671            1043           11434           11323            998             507             507             104      
     13.60          5.016308         35941            9370            9399            505             5779            5823            1308            9728            9650            758             123             128              30      
     13.70          5.016308         36040            9020            9043            485             5513            5551            1262           10223           10155            801             244             251              53      
     13.80          5.016308         36116            9176            9199            493             5777            5833            1318            9837            9745            742             210             223              48      
     13.90          5.016308         36110           10039           10045            539             5787            5893            1330            8982            8889            694             192             173              38      
     14.00          5.016308         36056            9310            9382            501             5594            5683            1287            9971            9818            786             125             117              27      
     14.10          5.016308         36103            8689            8777            466             5570            5656            1281           10527           10379            811             214             188              43      
     14.20          5.016308         36002            9097            9163            488             5840            5894            1337            9958            9844            758             105              99              18      
     14.30          5.016308         35996            9339            9471            502             5408            5468            1247            9656            9469            723             597             592             129      
     14.40          5.016308         36044            9439            9509            506             5303            5361            1235            9763            9605            758             495             525             102      
     14.50          5.016308         35927            9194            9192            491             5417            5448            1243            9544            9462            723             845             898             144      
     14.60          5.016308         35856            9962           10024            534             6140            6210            1397            8830            8719            657              68              47              13      
     14.70          5.016308         35906            9032            9013            482             5298            5342            1204           10570           10569            893             100              76              22      
     14.80          5.016308         35939            8930            8953            478             5173            5274            1186           10202           10109            831             695             664             106      
     14.90          5.016308         36058           10223           10179            546             5973            6066            1359            8675            8648            667             129             107              29      
     15.00          5.016308         35880            9797            9798            525             5746            5814            1306            9209            9127            712             248             261              58      
     15.10          5.016308         35933           10198           10201            547             5845            5929            1318            8740            8660            689             217             210              47      
     15.20          5.016308         35992            9815            9832            527             5899            5987            1332            9185            9051            716             101             130              26      
     15.30          5.016308         35821           10082           10119            542             6202            6226            1388            8593            8495            640             123             160              31      
     15.40          5.016308         35817            8922            8896            478             5569            5628            1256            9725            9623            760             784             853             107      
     15.50          5.016308         35731            9201            9232            495             5535            5578            1244            9627            9553            764             637             637              98      
     15.60          5.016308         35762           10235           10281            552             5937            5999            1328            8739            8634            697              89              86              24      
     15.70          5.016308         35841           10336           10354            556             6090            6078            1364            8397            8351            639             177             217              42      
     15.80          5.016308         35727           10642           10649            572             6444            6461            1416            7854            7832            599              60              58              14      
     15.90          5.016308         35858           10073           10079            540             6004            6058            1350            8664            8638            659             259             225              52      
     16.00          5.016308         35721           10326           10344            554             6274            6222            1398            8400            8434            649              0               0               0       
     16.10          5.016308         35788           10627           10594            569             6270            6201            1403            7974            8072            605             129             133              24      
     16.20          5.016308         35813           10759           10706            576             6437            6417            1423            7804            7877            602              0               0               0       
     16.30          5.016308         35726           10736           10733            576             6193            6210            1395            8071            8057            630              0               0               0       
     16.40          5.016308         35860           10697           10655            572             6257            6298            1390            7978            7985            623              68              62              16      
     16.50          5.016308         35786            9375            9361            501             5531            5493            1235            9941            9985            830             153             161              35      
     16.60          5.016308         35869            9904            9848            529             5942            5892            1322            8771            8867            669             383             393              81      
     16.70          5.016308         35889           10295           10172            550             5691            5692            1247            8542            8667            707             472             469              97      
     16.80          5.016308         35833            9921            9843            532             5931            5934            1316            8765            8844            672             383             379              81      
     16.90          5.016308         35788            9878            9771            530             5858            5931            1319            8983            9013            690             281             285              62      
     17.00          5.016308         35847            9784            9740            527             6102            6189            1371            9024            9001            687              90              70              16      
     17.10          5.016308         35623           10320           10335            559             6345            6349            1413            8301            8242            619              34              74              10      
     17.20          5.016308         35544           10703           10690            578             6480            6504            1434            7770            7748            577              47              58              12      
     17.30          5.016308         35658           10318           10291            557             6165            6239            1369            8381            8339            642             136             131              33      
     17.40          5.016308         35556           10316           10259            556             5951            6023            1333            8664            8641            696              69              77              16      
     17.50          5.016308         35669           10001            9881            536             6010            6185            1339            8661            8674            665             328             260              61      
     17.60          5.016308         35709            9596            9500            515             5747            5943            1302            9372            9316            731             285             241              53      
     17.70          5.016308         35747           10611           10600            575             6121            6345            1390            8203            8008            623              65              47              13      
     17.80          5.016308         35751            9944            9849            535             5784            5968            1310            9061            8993            707             211             190              49      
     17.90          5.016308         35825            9775            9705            526             5877            6068            1342            9348            9227            733              0               0               0       
     18.00          5.016308         35862           10459           10357            562             5807            5973            1329            8639            8573            688              95              97              22      
     18.10          5.016308         35721            9771            9780            527             6048            6160            1374            9181            9060            700              0               0               0       
     18.20          5.016308         35683           10161           10058            546             5731            5876            1311            8940            8882            706             168             184              38      
     18.30          5.016308         35752            9299            9235            500             5809            5910            1321            9124            9072            690             768             783              90      
     18.40          5.016308         35732           10649           10553            573             6082            6202            1383            8199            8190            631              70              55              14      
     18.50          5.016308         35741           10725           10685            579             5447            5578            1238            8472            8361            704             356             376              80      
     18.60          5.016308         35745           10633           10576            574             5759            5849            1314            8330            8271            652             278             304              61      
     18.70          5.016308         35816           10576           10532            570             6033            6074            1348            8140            8128            629             251             266              54      
     18.80          5.016308         35830           10331           10197            554             6214            6239            1360            8328            8437            661             127             127              26      
     18.90          5.016308         35879           10811           10735            584             6183            6219            1394            7872            7907            598             134             139              25      
     19.00          5.016308         35957           10692           10585            576             6283            6362            1394            8025            8053            631              0               0               0       
     19.10          5.016308         35871           10219           10032            548             5663            5708            1278            8698            8805            735             420             455              40      
     19.20          5.016308         35820           10145           10069            548             5864            5924            1312            8465            8516            666             526             491              75      
     19.30          5.016308         35829            9490            9472            514             5485            5539            1236            9183            9205            735             842             784             116      
     19.40          5.016308         35750           10428           10403            565             6095            6107            1356            8281            8309            642             196             181              38      
     19.50          5.016308         35831           10458           10271            562             6124            6153            1379            8231            8392            624             187             184              36      
     19.60          5.016308         35846           10722           10647            579             6399            6359            1431            7879            7994            591              0               0               0       
     19.70          5.016308         35839           10653           10545            573             6550            6461            1439            7797            7994            589              0               0               0       
     19.80          5.016308         35745           10247           10144            550             6423            6312            1412            8330            8544            639              0               0               0       
     19.90          5.016308         35592            9936            9872            533             6102            5984            1330            8680            8809            670             282             335              68      
     20.00          5.016308         35548           10269           10237            552             5763            5766            1285            8739            8774            715             229             223              49      
     20.10          5.016308         35573            9601            9577            516             5367            5351            1194            9597            9648            798             435             424              93      
     20.20          5.016308         35478            9201            9096            493             5938            5890            1307            9641            9777            748             220             237              53      
     20.30          5.016308         35528           10260           10135            550             6295            6252            1388            8380            8520            646              65              93              17      
     20.40          5.016308         35516            9964            9852            535             5536            5514            1216            9125            9244            763             375             390              87      
     20.50          5.016308         35322           10063           10020            543             5371            5427            1194            9048            9051            755             518             502             109      
     20.60          5.016308         35447            9357            9249            504             5015            5026            1105           10051           10110            900             577             615              92      
     20.70          5.016308         35288            9984            9897            538             6011            6043            1328            8656            8659            706             349             401              29      
     20.80          5.016308         35448            8576            8501            462             5712            5739            1258           10322           10420            803             390             340              78      
     20.90          5.016308         35443           10471           10425            566             6364            6337            1395            8071            8158            623              94              80              17      
     21.00          5.016308         35297            9964            9947            538             6410            6326            1394            8626            8727            669              0               0               0       
     21.10          5.016308         35328           10001            9973            539             6063            6037            1320            8772            8828            705             164             162              37      
     21.20          5.016308         35221            9556            9510            513             6537            6500            1413            8720            8804            665             187             186              10      
     21.30          5.016308         35357            9703            9621            519             6101            6011            1327            8985            9183            715             211             185              40      
     21.40          5.016308         35311           10453           10440            562             6256            6201            1357            8119            8212            649             172             147              33      
     21.50          5.016308         35281            9648            9678            519             5936            5909            1289            9044            9053            712             372             360              81      
     21.60          5.016308         35391            9966            9955            535             6087            6088            1343            8872            8896            706              75              61              17      
     21.70          5.016308         35313           10408           10374            558             6460            6486            1421            8132            8140            622              0               0               0       
     21.80          5.016308         35394           10351           10280            553             6061            6037            1325            8423            8518            686             165             165              37      
     21.90          5.016308         35380            9644            9608            515             5631            5640            1242            9255            9315            745             470             437              99      
     22.00          5.016308         35386           10584           10556            566             5948            6026            1326            8362            8317            688             106             101              21      
     22.10          5.016308         35438           10901           10843            583             6353            6447            1409            7684            7660            598              62              50              11      
     22.20          5.016308         35382           10501           10485            564             6256            6288            1390            8173            8155            632              70              72              15      
     22.30          5.016308         35446           10561           10558            568             6394            6404            1420            8045            8038            613              0               0               0       
     22.40          5.016308         35412           10425           10404            561             5662            5672            1273            8490            8460            677             423             464              90      
     22.50          5.016308         35457           10779           10779            581             6308            6366            1398            7719            7679            583             194             176              39      
     22.60          5.016308         35481           10550           10503            567             5435            5472            1206            8648            8674            753             367             351              75      
     22.70          5.016308         35611           10623           10630            573             6275            6279            1388            8102            8091            640              0               0               0       
     22.80          5.016308         35547           10360           10331            558             6309            6298            1392            8331            8371            651              0               0               0       
     22.90          5.016308         35516           10651           10654            575             6381            6332            1400            7791            7825            589             177             189              37      
     23.00          5.016308         35455           10873           10955            591             5885            5818            1298            7693            7684            601             549             543             111      
     23.10          5.016308         35413           10219           10290            556             5810            5720            1285            8533            8549            666             438             441              94      
     23.20          5.016308         35512            9639            9618            521             5369            5297            1185            9349            9353            746             643             732             149      
     23.30          5.016308         35482            9590            9603            520             5830            5780            1245            9052            9105            719             528             512             117      
     23.40          5.016308         35441           10049           10087            546             6300            6264            1358            8651            8649            697              0               0               0       
     23.50          5.016308         35490            9512            9579            517             5920            5873            1288            9220            9120            713             348             428              83      
     23.60          5.016308         35567            9905            9897            537             5824            5774            1285            9080            9125            733             191             204              46      
     23.70          5.016308         35452            9461            9444            512             5681            5701            1261            9545            9547            761             313             308              67      
     23.80          5.016308         35447            9678            9684            525             5833            5783            1291            9137            9171            712             352             362              73      
     23.90          5.016308         35514            9821            9841            532             6028            6016            1325            8953            8955            704             198             188              40      
     24.00          5.016308         35375            9458            9466            512             6057            6026            1331            9374            9396            734             111             112              24      
     24.10          5.016308         35450            9560            9585            518             6093            5996            1331            9100            9130            694             247             289              58      
     24.20          5.016308         35504            9870            9940            536             5332            5478            1201            9645            9449            833             153             133              31      
     24.30          5.016308         35442            9918           10025            540             5964            6001            1315            8740            8608            672             378             366              74      
     24.40          5.016308         35261            9411            9442            511             6344            6444            1401            9183            9060            677              62              54              12      
     24.50          5.016308         35219            9737            9808            529             6233            6325            1369            8556            8380            645             474             487              58      
     24.60          5.016308         35173            9040            9091            490             5843            5962            1284            9355            9249            731             762             698              96      
     24.70          5.016308         35136            9548            9556            515             6625            6630            1440            8576            8556            632             251             258              14      
     24.80          5.016308         34891            9363            9344            504             6240            6322            1361            8954            8883            675             443             451              61      
     24.90          5.016308         34962           10153           10141            546             6851            6871            1460            7996            7988            595              0               0               0       
     25.00          5.016308         35074            9821            9790            527             6361            6380            1389            8738            8759            671              80              71              14      
     25.10          5.016308         35233           10094           10043            541             6240            6217            1355            8607            8646            690              59              94              15      
     25.20          5.016308         35230           10388           10333            556             6432            6488            1406            8180            8179            639              0               0               0       
     25.30          5.016308         35218            9752            9732            522             5992            6062            1326            9177            9129            740              79              77              13      
     25.40          5.016308         35327            9772            9733            521             6140            6154            1353            9023            9048            712              65              65              15      
     25.50          5.016308         35388            9509            9557            509             6352            6388            1406            9139            9055            686              0               0               0       
     25.60          5.016308         35374            9990           10010            533             6275            6357            1396            8735            8633            672              0               0               0       
     25.70          5.016308         35382            9441            9417            502             5920            5912            1303            9337            9370            726             302             301              70      
     25.80          5.016308         35336            8783            8827            469             5772            5784            1273           10247           10186            817             198             203              42      
     25.90          5.016308         35257            8736            8789            467             6193            6234            1368            9855            9751            720             216             226              46      
     26.00          5.016308         35114            8624            8662            461             6010            6104            1323           10068            9948            752             298             286              65      
     26.10          5.016308         35207            9947            9883            530             6376            6489            1397            8546            8504            644             131             124              30      
     26.20          5.016308         35161            9726            9686            519             6410            6526            1403            8613            8544            658             251             244              21      
     26.30          5.016308         35192           10237           10236            548             6113            6239            1351            8393            8267            649             257             258              53      
     26.40          5.016308         35257            9865            9891            529             5750            5854            1260            9007            8889            730             378             366              82      
     26.50          5.016308         35191            9936            9878            531             6078            6181            1341            8986            8941            729              0               0               0       
     26.60          5.016308         35327            9980            9986            535             5635            5767            1246            8887            8804            719             498             443             101      
     26.70          5.016308         35306           10630           10616            570             6188            6264            1365            7822            7791            596             360             329              70      
     26.80          5.016308         35260           10610           10565            569             5998            6037            1320            8180            8208            671             212             190              41      
     26.90          5.016308         35366           10064           10013            540             5978            6004            1315            8698            8742            689             260             241              57      
     27.00          5.016308         35446           10678           10715            577             6291            6295            1390            7954            7924            622              77              66              12      
     27.10          5.016308         35445           11008           10964            594             5825            5799            1281            7910            7958            665             257             279              61      
     27.20          5.016308         35644           10233           10236            554             5439            5321            1206            8690            8780            707             638             663             134      
     27.30          5.016308         35589           10385           10359            562             6102            5982            1339            8317            8455            655             196             204              45      
     27.40          5.016308         35559            9995           10005            542             5911            5798            1306            8721            8811            676             373             386              77      
     27.50          5.016308         35567           10514           10522            570             6078            6026            1342            8278            8328            662             130             124              27      
     27.60          5.016308         35679           10231           10235            554             5670            5528            1245            8820            8909            741             279             328              61      
     27.70          5.016308         35699           10583           10586            573             6174            6045            1360            8243            8369            668              0               0               0       
     27.80          5.016308         35813           10705           10644            578             5984            5865            1328            8063            8248            643             248             243              52      
     27.90          5.016308         35862           10608           10548            573             5960            5841            1324            8307            8485            677             125             126              27      
     28.00          5.016308         35898           10056           10051            543             5585            5516            1240            9230            9334            789             129              99              29      
     28.10          5.016308         35787           10232           10158            551             5877            5782            1313            8731            8907            701             160             153              36      
     28.20          5.016308         35840            9823            9764            529             5993            5942            1345            8988            9102            683             196             192              44      
     28.30          5.016308         35919            9948            9891            537             5950            5874            1338            8920            9051            688             182             184              38      
     28.40          5.016308         35790           10686           10647            578             6191            6109            1384            8123            8244            639              0               0               0       
     28.50          5.016308         35836           10072           10038            546             5778            5722            1295            8720            8807            695             430             433              65      
     28.60          5.016308         35975           10195           10162            552             5571            5559            1268            8999            9050            732             235             229              49      
     28.70          5.016308         35990            9923            9925            539             5587            5571            1278            9300            9342            744             190             162              40      
     28.80          5.016308         36050           10344           10361            561             5917            5922            1354            8581            8570            654             158             147              32      
     28.90          5.016308         36088            9859            9938            536             4875            4903            1136            9672            9617            805             594             542             124      
     29.00          5.016308         36040           10365           10384            562             5543            5521            1278            9003            9011            742              89              84              19      
     29.10          5.016308         36205           10727           10807            584             5765            5737            1325            8376            8319            663             132             137              29      
     29.20          5.016308         36274           10522           10547            571             5647            5548            1299            8732            8781            707              99             124              24      
     29.30          5.016308         36237           10246           10295            556             5957            5903            1355            8695            8716            670             102              86              20      
     29.40          5.016308         36319           10993           11043            596             6556            6583            1448            7388            7313            542              63              61              15      
     29.50          5.016308         36173           10252           10314            556             6163            6160            1381            8585            8526            664              0               0               0       
     29.60          5.016308         36237            8022            8157            435             4937            4965            1139           11605           11442            929             436             436              98      
     29.70          5.016308         36250            9925            9986            538             5281            5288            1230            9376            9321            746             418             405              87      
     29.80          5.016308         36260            9779            9846            530             5592            5656            1267            9316            9179            736             313             319              68      
     29.90          5.016308         36158           10292           10369            560             5879            5959            1340            8829            8672            701              0               0               0       
     30.00          5.016308         36107            9911            9969            539             5204            5224            1201            9269            9171            725             616             636             136      
     30.10          5.016308         35982            9346            9367            508             5472            5518            1252            9822            9764            761             360             351              80      
     30.20          5.016308         35944            9857            9868            535             5704            5719            1293            9312            9279            745             127             134              28      
     30.30          5.016308         35978            9894            9957            539             5333            5401            1220            9327            9216            750             446             426              92      
     30.40          5.016308         35961           10545           10615            576             5930            5961            1337            8234            8128            628             291             296              60      
     30.50          5.016308         35929           10080           10142            550             5691            5725            1283            8804            8683            677             425             450              91      
     30.60          5.016308         35964            9757            9773            531             5196            5313            1183            9725            9619            816             322             295              71      
     30.70          5.016308         36011           10898           10903            596             6043            6118            1361            8059            7979            644              0               0               0       
     30.80          5.016308         35925            8548            8622            467             5042            5075            1144            9993            9887            834             1417            1416            156      
     30.90          5.016308         35881            7974            8072            435             5037            5146            1143           11389           11181            895             600             601             128      
     31.00          5.016308         35845            7705            7818            421             5333            5343            1199           10272           10151            782             1690            1688            199      
     31.10          5.016308         35941            8669            8770            474             5410            5555            1228            9422            9247            717             1499            1428            182      
     31.20          5.016308         35905            8587            8634            468             5721            5777            1279            9472            9392            725             1220            1197            129      
     31.30          5.016308         35750            7963            8006            433             5132            5270            1158            9626            9543            751             2279            2181            259      
     31.40          5.016308         35700            8436            8484            459             5539            5605            1243            9237            9189            731             1788            1722            168      
     31.50          5.016308         35686            8784            8860            479             5942            5939            1330            8765            8730            648             1509            1471            144      
     31.60          5.016308         35693            8270            8304            450             4974            5045            1124           10453           10409            925             1303            1242            102      
     31.70          5.016308         35692            9400            9540            515             6033            6109            1349            8768            8578            680             799             773              57      
     31.80          5.016308         35605            9112            9207            499             5715            5823            1287            9894            9676            754             279             294              61      
     31.90          5.016308         35605            8223            8329            451             5203            5276            1158           11179           11015            899             395             380              93      
     32.00          5.016308         35589            9892            9929            543             6193            6273            1372            8120            8045            625             795             753              61      
     32.10          5.016308         35615           10459           10517            575             6201            6201            1367            8049            8008            643             291             274              16      
     32.20          5.016308         35735           10743           10833            592             6273            6290            1383            7984            7877            626              0               0               0       
     32.30          5.016308         35827            8960            9056            490             6083            6092            1357            8879            8809            676             1078            1043             78      
     32.40          5.016308         35849            8672            8696            471             6266            6308            1399           10062            9996            731              0               0               0       
     32.50          5.016308         35725            7653            7763            418             5322            5286            1187           12025           11951            996              0               0               0       
     32.60          5.016308         35608            7224            7327            394             5238            5167            1171           12352           12316            998             186             190              38      
     32.70          5.016308         35658            8559            8621            467             5800            5731            1294            9246            9324            739             1395            1324            101      
     32.80          5.016308         35767            8607            8700            471             5749            5806            1293            9130            9033            698             1514            1461            139      
     32.90          5.016308         35823            9457            9500            517             5902            5940            1329            8459            8447            664             1182            1113             91      
     33.00          5.016308         35805            8778            8765            478             5935            5942            1332            9065            9097            690             1222            1196            101      
     33.10          5.016308         35720            9210            9210            502             6048            6007            1335            8819            8856            697             923             927              67      
     33.20          5.016308         35786            9735            9697            530             5939            5927            1323            8570            8627            675             756             749              73      
     33.30          5.016308         35755            9134            9166            499             6133            6154            1374            8424            8419            643             1309            1261             85      
     33.40          5.016308         35699            8364            8427            457             5419            5360            1210           10772           10781            834             445             432             100      
     33.50          5.016308         35628            8645            8733            473             5978            5939            1331           10136           10097            745             241             231              52      
     33.60          5.016308         35755            8986            9022            492             5878            5808            1304            8943            9016            672             1193            1154            133      
     33.70          5.016308         35748            9152            9140            498             5685            5576            1260            9041            9122            704             1122            1162            139      
     33.80          5.016308         35724            8242            8236            448             5530            5440            1230           10797           10857            818             431             467             105      
     33.90          5.016308         35747            9447            9437            513             5798            5712            1291            9468            9565            730             287             286              67      
     34.00          5.016308         35805           10143           10098            550             6375            6277            1422            8027            8180            603             455             445              26      
     34.10          5.016308         35831            9105            9104            493             5430            5347            1220            8846            8935            673             1619            1614            215      
     34.20          5.016308         35804            9707            9658            525             6114            6078            1365            8312            8432            654             867             832              57      
     34.30          5.016308         35781            9896            9955            538             6417            6337            1379            7719            7749            587             968             959              97      
     34.40          5.016308         35657            9678            9722            526             6323            6292            1369            8319            8353            638             680             633              68      
     34.50          5.016308         35710            9784            9806            534             6588            6516            1364            7995            8022            634             633             656              69      
     34.60          5.016308         35815            9863            9842            538             6926            6907            1441            7584            7603            586             627             648              36      
     34.70          5.016308         35789            9657            9714            530             6368            6383            1389            8412            8368            650             563             535              32      
     34.80          5.016308         35809           10149           10143            557             6716            6700            1419            8051            8086            609              84              71              16      
     34.90          5.016308         35757            9577            9622            528             6219            6265            1343            9060            8981            703             144             132              27      
     35.00          5.016308         35834            7901            7944            434             5860            5916            1278           10735           10649            841             504             491              48      
     35.10          5.016308         35826            9727            9705            534             5902            5998            1289            9202            9107            743             169             190              35      
     35.20          5.016308         35813            8747            8702            478             5917            6079            1327           10212           10134            774             124              85              22      
     35.30          5.016308         35817            9219            9188            506             5762            5856            1296            9729            9708            741             290             248              58      
     35.40          5.016308         35855            9911            9861            542             6504            6590            1378            8481            8431            657             104             118              24      
     35.50          5.016308         35846           10356           10244            565             6323            6393            1397            8321            8363            639              0               0               0       
     35.60          5.016308         35829            9835            9735            536             5774            5775            1298            9042            9121            695             349             369              72      
     35.70          5.016308         35819           10295           10209            562             6175            6170            1368            8468            8552            654              62              69              17      
     35.80          5.016308         35836           10174           10140            556             5280            5235            1170            8901            8919            728             645             706             147      
     35.90          5.016308         35962           10128           10134            555             5918            5922            1331            8778            8769            677             176             175              38      
     36.00          5.016308         35942            9024            9065            495             5442            5434            1216            9923            9927            824             611             574              66      
     36.10          5.016308         36053           10301           10258            563             6361            6366            1404            8338            8376            634              0               0               0       
     36.20          5.016308         36125            8705            8663            473             5912            5877            1303            9852            9942            742             531             518              83      
     36.30          5.016308         36093            7745            7723            421             5695            5710            1274           11481           11504            893              79              63              13      
     36.40          5.016308         35941            7658            7692            418             5529            5490            1230           11527           11492            890             286             326              63      
     36.50          5.016308         35844            9268            9310            506             5990            6009            1331            9613            9546            733             129             135              31      
     36.60          5.016308         35576            7834            7858            426             5537            5518            1194           10843           10817            806             786             807             175      
     36.70          5.016308         35581            9201            9229            502             6766            6737            1375            8890            8875            692             143             159              32      
     36.80          5.016308         35439            9193            9215            502             5733            5771            1268            9689            9651            750             385             363              81      
     36.90          5.016308         35378            9154            9191            499             6321            6283            1356            9299            9300            700             226             226              46      
     37.00          5.016308         35446            9893            9872            537             6277            6208            1328            8493            8557            659             337             363              77      
     37.10          5.016308         35577            9485            9403            512             6498            6465            1375            8454            8522            650             563             610              64      
