        tauB               sizeBin             clust_size      press_align
        0.00               5.016308              16910             2979.794047     
        0.10               5.016308              16792             2567.306102     
        0.20               5.016308              16980             1973.956552     
        0.30               5.016308              17342             1554.815053     
        0.40               5.016308              17644             1182.285843     
        0.50               5.016308              17995              939.780220     
        0.60               5.016308              18310              724.173067     
        0.70               5.016308              18544              586.806337     
        0.80               5.016308              18871              546.108482     
        0.90               5.016308              19206              439.053182     
        1.00               5.016308              19411              415.136093     
        1.10               5.016308              19627              400.675931     
        1.20               5.016308              19573              392.567964     
        1.30               5.016308              19871              344.051512     
        1.40               5.016308              19962              302.480049     
        1.50               5.016308              19995              331.153068     
        1.60               5.016308              19995              341.540978     
        1.70               5.016308              20302              341.278275     
        1.80               5.016308              20395              315.711419     
        1.90               5.016308              20293              297.910277     
        2.00               5.016308              20239              359.359844     
        2.10               5.016308              20299              391.906183     
        2.20               5.016308              20707              370.200765     
        2.30               5.016308              20687              408.238498     
        2.40               5.016308              20823              388.822389     
        2.50               5.016308              20714              331.784658     
        2.60               5.016308              20706              329.789887     
        2.70               5.016308              20649              307.027461     
        2.80               5.016308              20651              335.854533     
        2.90               5.016308              20598              337.324840     
        3.00               5.016308              20511              409.845049     
        3.10               5.016308              20571              344.174475     
        3.20               5.016308              20761              323.803223     
        3.30               5.016308              20902              298.413473     
        3.40               5.016308              20936              294.863356     
        3.50               5.016308              20738              264.059048     
        3.60               5.016308              20624              264.823424     
        3.70               5.016308              20948              297.868045     
        3.80               5.016308              20844              317.960943     
        3.90               5.016308              21053              326.838794     
        4.00               5.016308              21333              382.754732     
        4.10               5.016308              21186              332.029041     
        4.20               5.016308              21239              330.055671     
        4.30               5.016308              21264              311.952306     
        4.40               5.016308              21211              351.255011     
        4.50               5.016308              21264              363.212367     
        4.60               5.016308              21107              354.897405     
        4.70               5.016308              20880              334.626955     
        4.80               5.016308              21398              362.227725     
        4.90               5.016308              20913              360.352394     
        5.00               5.016308              21002              375.267664     
        5.10               5.016308              21285              350.686633     
        5.20               5.016308              21164              298.795183     
        5.30               5.016308              21320              244.752887     
        5.40               5.016308              21372              287.990682     
        5.50               5.016308              21468              339.213104     
        5.60               5.016308              21400              374.956055     
        5.70               5.016308              21642              313.031404     
        5.80               5.016308              20670              355.922361     
        5.90               5.016308              20479              327.539050     
        6.00               5.016308              20600              346.581847     
        6.10               5.016308              20468              307.707576     
        6.20               5.016308              20656              311.636809     
        6.30               5.016308              20944              312.039795     
        6.40               5.016308              20510              329.197281     
        6.50               5.016308              19300              319.841164     
        6.60               5.016308              19328              350.867528     
        6.70               5.016308              19524              358.304029     
        6.80               5.016308              19481              356.628031     
        6.90               5.016308              19413              331.809780     
        7.00               5.016308              19191              333.451197     
        7.10               5.016308              20521              318.768485     
        7.20               5.016308              19699              319.644986     
        7.30               5.016308              19779              258.774084     
        7.40               5.016308              20754              251.744862     
        7.50               5.016308              20025              299.349012     
        7.60               5.016308              19906              334.283446     
        7.70               5.016308              20880              325.796567     
        7.80               5.016308              20200              299.871777     
        7.90               5.016308              20173              324.117717     
        8.00               5.016308              20381              289.884422     
        8.10               5.016308              20212              281.094030     
        8.20               5.016308              20383              272.352988     
        8.30               5.016308              20541              249.934214     
        8.40               5.016308              20547              235.874182     
        8.50               5.016308              20602              255.921377     
        8.60               5.016308              20453              264.223392     
        8.70               5.016308              20190              291.112320     
        8.80               5.016308              20188              340.807502     
        8.90               5.016308              20192              389.250091     
        9.00               5.016308              20318              391.194688     
        9.10               5.016308              20419              431.151471     
        9.20               5.016308              20336              361.428312     
        9.30               5.016308              20304              321.599542     
        9.40               5.016308              20243              342.685497     
        9.50               5.016308              20432              355.650998     
        9.60               5.016308              19203              322.370864     
        9.70               5.016308              19201              283.891012     
        9.80               5.016308              19327              337.666223     
        9.90               5.016308              19326              318.592179     
       10.00               5.016308              19944              322.950167     
       10.10               5.016308              19293              305.125706     
       10.20               5.016308              20048              242.489166     
       10.30               5.016308              19564              319.379631     
       10.40               5.016308              19542              278.950979     
       10.50               5.016308              19775              307.524439     
       10.60               5.016308              19594              289.390282     
       10.70               5.016308              19581              321.588470     
       10.80               5.016308              19790              306.906624     
       10.90               5.016308              19639              257.008802     
       11.00               5.016308              19916              304.790425     
       11.10               5.016308              19763              305.886884     
       11.20               5.016308              20241              267.564019     
       11.30               5.016308              20225              307.760589     
       11.40               5.016308              19886              290.183839     
       11.50               5.016308              20387              332.338352     
       11.60               5.016308              20429              362.104217     
       11.70               5.016308              20002              384.779933     
       11.80               5.016308              20118              389.250629     
       11.90               5.016308              20001              393.145876     
       12.00               5.016308              20511              350.960643     
       12.10               5.016308              20381              357.874925     
       12.20               5.016308              20445              360.662114     
       12.30               5.016308              20474              361.075246     
       12.40               5.016308              20517              381.538755     
       12.50               5.016308              20500              372.917769     
       12.60               5.016308              20590              347.015927     
       12.70               5.016308              20661              322.578837     
       12.80               5.016308              20949              326.276935     
       12.90               5.016308              21167              356.897487     
       13.00               5.016308              21081              363.397824     
       13.10               5.016308              20974              345.010759     
       13.20               5.016308              21079              335.863408     
       13.30               5.016308              21080              355.361005     
       13.40               5.016308              21443              342.868842     
       13.50               5.016308              20930              362.497941     
       13.60               5.016308              21562              356.618298     
       13.70               5.016308              21258              344.400847     
       13.80               5.016308              21968              358.818205     
       13.90               5.016308              21859              379.321286     
       14.00               5.016308              21893              369.515130     
       14.10               5.016308              22112              357.192592     
       14.20               5.016308              22056              336.190001     
       14.30               5.016308              22007              284.998001     
       14.40               5.016308              22493              341.210784     
       14.50               5.016308              22192              300.375536     
       14.60               5.016308              22739              352.551086     
       14.70               5.016308              23362              360.425910     
       14.80               5.016308              23197              351.975121     
       14.90               5.016308              23024              331.233098     
       15.00               5.016308              23353              361.905026     
       15.10               5.016308              23312              394.821216     
       15.20               5.016308              22799              402.358275     
       15.30               5.016308              23015              409.835675     
       15.40               5.016308              23181              404.570096     
       15.50               5.016308              23027              326.214021     
       15.60               5.016308              22919              297.588971     
       15.70               5.016308              22748              265.778027     
       15.80               5.016308              22772              262.995151     
       15.90               5.016308              22744              303.743384     
       16.00               5.016308              22818              340.064495     
       16.10               5.016308              23115              368.905456     
       16.20               5.016308              23087              384.781276     
       16.30               5.016308              22756              328.951426     
       16.40               5.016308              22902              351.981745     
       16.50               5.016308              22954              368.176710     
       16.60               5.016308              23071              332.917116     
       16.70               5.016308              23116              288.176886     
       16.80               5.016308              23283              273.947834     
       16.90               5.016308              23148              266.613169     
       17.00               5.016308              23133              314.285531     
       17.10               5.016308              23436              294.405692     
       17.20               5.016308              23047              347.154188     
       17.30               5.016308              23327              376.149093     
       17.40               5.016308              23172              380.213944     
       17.50               5.016308              23059              325.884422     
       17.60               5.016308              23096              308.656872     
       17.70               5.016308              22831              268.881439     
       17.80               5.016308              23185              298.964427     
       17.90               5.016308              22762              310.469236     
       18.00               5.016308              22859              317.686877     
       18.10               5.016308              22820              261.433359     
       18.20               5.016308              23012              260.421480     
       18.30               5.016308              22826              299.836611     
       18.40               5.016308              23104              314.559250     
       18.50               5.016308              23059              333.733235     
       18.60               5.016308              23106              311.516914     
       18.70               5.016308              23507              378.884547     
       18.80               5.016308              23708              291.277635     
       18.90               5.016308              23724              324.980558     
       19.00               5.016308              23863              372.003322     
       19.10               5.016308              23748              362.356950     
       19.20               5.016308              23779              381.740767     
       19.30               5.016308              23435              372.056909     
       19.40               5.016308              23691              308.432812     
       19.50               5.016308              23951              334.886144     
       19.60               5.016308              23924              336.954363     
       19.70               5.016308              23936              348.411683     
       19.80               5.016308              23976              368.488990     
       19.90               5.016308              24105              363.406498     
       20.00               5.016308              24055              397.959790     
       20.10               5.016308              24069              382.155854     
       20.20               5.016308              24355              349.232987     
       20.30               5.016308              24279              369.518159     
       20.40               5.016308              24177              352.574173     
       20.50               5.016308              23950              397.756305     
       20.60               5.016308              24253              438.441267     
       20.70               5.016308              24199              476.306342     
       20.80               5.016308              24233              381.864620     
       20.90               5.016308              24046              403.900047     
       21.00               5.016308              24206              394.986750     
       21.10               5.016308              24271              387.863021     
       21.20               5.016308              24435              462.142555     
       21.30               5.016308              24554              399.122648     
       21.40               5.016308              24439              377.106681     
       21.50               5.016308              24824              416.867138     
       21.60               5.016308              24879              437.953941     
       21.70               5.016308              24783              369.002948     
       21.80               5.016308              24766              377.775717     
       21.90               5.016308              24805              387.747799     
       22.00               5.016308              24678              365.934661     
       22.10               5.016308              24556              353.765397     
       22.20               5.016308              24944              338.037473     
       22.30               5.016308              24443              396.361429     
       22.40               5.016308              24550              340.150732     
       22.50               5.016308              24500              337.188656     
       22.60               5.016308              24368              331.900484     
       22.70               5.016308              24255              276.282382     
       22.80               5.016308              24295              309.205247     
       22.90               5.016308              24464              305.456907     
       23.00               5.016308              24474              303.454385     
       23.10               5.016308              24409              332.099337     
       23.20               5.016308              24344              326.540714     
       23.30               5.016308              24337              360.590019     
       23.40               5.016308              24291              311.504926     
       23.50               5.016308              24523              284.543204     
       23.60               5.016308              24467              346.100554     
       23.70               5.016308              24431              332.241115     
       23.80               5.016308              24651              289.231437     
       23.90               5.016308              24608              324.665444     
       24.00               5.016308              24772              329.373530     
       24.10               5.016308              24847              315.650689     
       24.20               5.016308              25036              316.910312     
       24.30               5.016308              25357              305.761653     
       24.40               5.016308              25425              298.143907     
       24.50               5.016308              25520              309.390126     
       24.60               5.016308              25397              317.126974     
       24.70               5.016308              25359              307.491599     
       24.80               5.016308              25481              256.029662     
       24.90               5.016308              25506              291.999009     
       25.00               5.016308              25394              328.532157     
       25.10               5.016308              25603              314.953837     
       25.20               5.016308              25343              330.913826     
       25.30               5.016308              25397              350.087755     
       25.40               5.016308              25433              361.898504     
       25.50               5.016308              25243              321.417629     
       25.60               5.016308              25618              304.421530     
       25.70               5.016308              25321              326.012006     
       25.80               5.016308              25402              318.224545     
       25.90               5.016308              25393              361.191321     
       26.00               5.016308              25469              358.135381     
       26.10               5.016308              25619              309.876763     
       26.20               5.016308              25446              289.153718     
       26.30               5.016308              25514              286.663826     
       26.40               5.016308              25307              286.928510     
       26.50               5.016308              25425              319.110127     
       26.60               5.016308              25538              355.845810     
       26.70               5.016308              25623              303.412489     
       26.80               5.016308              25755              310.172892     
       26.90               5.016308              25745              361.061993     
       27.00               5.016308              26101              391.971487     
       27.10               5.016308              25750              304.664927     
       27.20               5.016308              25618              307.611406     
       27.30               5.016308              25569              343.963877     
       27.40               5.016308              25726              370.249137     
       27.50               5.016308              25581              441.492501     
       27.60               5.016308              25488              412.867336     
       27.70               5.016308              25548              420.060594     
       27.80               5.016308              25615              449.873644     
       27.90               5.016308              25592              442.416957     
       28.00               5.016308              25743              411.818913     
       28.10               5.016308              25586              405.896818     
       28.20               5.016308              25877              463.701505     
       28.30               5.016308              25668              409.983156     
       28.40               5.016308              25638              417.743056     
       28.50               5.016308              25358              412.143466     
       28.60               5.016308              25658              369.751575     
       28.70               5.016308              25650              398.096601     
       28.80               5.016308              25437              374.674952     
       28.90               5.016308              25539              389.753294     
       29.00               5.016308              25434              396.139124     
       29.10               5.016308              25497              395.106187     
       29.20               5.016308              25703              383.737440     
       29.30               5.016308              25662              353.789318     
       29.40               5.016308              25618              336.244200     
       29.50               5.016308              25728              290.154426     
       29.60               5.016308              25923              315.881560     
       29.70               5.016308              25873              282.010462     
       29.80               5.016308              25952              289.643627     
       29.90               5.016308              25763              271.480316     
       30.00               5.016308              25834              271.880414     
       30.10               5.016308              25908              267.602659     
       30.20               5.016308              25680              278.886602     
       30.30               5.016308              25988              311.749665     
       30.40               5.016308              25930              350.406011     
       30.50               5.016308              25874              391.993228     
       30.60               5.016308              26305              377.601858     
       30.70               5.016308              25916              396.424955     
       30.80               5.016308              25940              345.566617     
       30.90               5.016308              26006              325.499392     
       31.00               5.016308              25801              334.248942     
       31.10               5.016308              25879              342.619186     
       31.20               5.016308              26159              318.870880     
       31.30               5.016308              26260              308.715617     
       31.40               5.016308              26224              351.858466     
       31.50               5.016308              26033              360.838094     
       31.60               5.016308              26026              366.234072     
       31.70               5.016308              26091              324.746834     
       31.80               5.016308              26208              368.957594     
       31.90               5.016308              26071              315.243651     
       32.00               5.016308              25594              332.617441     
       32.10               5.016308              25648              298.769939     
       32.20               5.016308              25696              332.942850     
       32.30               5.016308              25849              265.957560     
       32.40               5.016308              25713              328.250527     
       32.50               5.016308              25909              334.613770     
       32.60               5.016308              26157              354.172126     
       32.70               5.016308              25756              397.040336     
       32.80               5.016308              25933              403.761133     
       32.90               5.016308              25925              395.429401     
       33.00               5.016308              25887              342.644837     
       33.10               5.016308              25997              354.246392     
       33.20               5.016308              26007              415.657872     
       33.30               5.016308              26086              456.849652     
       33.40               5.016308              25896              425.368726     
       33.50               5.016308              25416              370.401269     
       33.60               5.016308              25322              414.303445     
       33.70               5.016308              25414              371.508887     
       33.80               5.016308              25251              349.995716     
       33.90               5.016308              25526              352.194134     
       34.00               5.016308              25414              363.326812     
       34.10               5.016308              25036              351.798197     
       34.20               5.016308              25353              360.888442     
       34.30               5.016308              25247              354.830750     
       34.40               5.016308              25059              374.346333     
       34.50               5.016308              24964              356.469493     
       34.60               5.016308              25238              340.004819     
       34.70               5.016308              25271              352.136348     
       34.80               5.016308              25212              337.983451     
       34.90               5.016308              25389              331.416665     
       35.00               5.016308              25283              315.299852     
       35.10               5.016308              25263              323.928441     
       35.20               5.016308              25505              371.655580     
       35.30               5.016308              25405              348.706114     
       35.40               5.016308              25496              323.860945     
       35.50               5.016308              25639              297.142171     
       35.60               5.016308              25480              313.230956     
       35.70               5.016308              25375              334.817975     
       35.80               5.016308              25491              267.191058     
       35.90               5.016308              25639              279.708590     
       36.00               5.016308              25605              290.617496     
       36.10               5.016308              25275              291.678954     
       36.20               5.016308              25435              325.571370     
       36.30               5.016308              24782              354.895740     
       36.40               5.016308              25525              349.808153     
       36.50               5.016308              25452              316.440837     
       36.60               5.016308              24539              288.247598     
       36.70               5.016308              25217              312.611071     
       36.80               5.016308              24960              378.426440     
       36.90               5.016308              25296              350.241391     
       37.00               5.016308              25308              375.395677     
       37.10               5.016308              25302              312.738569     
       37.20               5.016308              24947              304.590579     
       37.30               5.016308              25228              307.041984     
       37.40               5.016308              25041              287.182967     
       37.50               5.016308              25127              303.662838     
       37.60               5.016308              24773              294.094573     
       37.70               5.016308              25258              332.826399     
       37.80               5.016308              24914              350.252315     
       37.90               5.016308              24781              383.322230     
       38.00               5.016308              24804              340.080518     
       38.10               5.016308              24802              357.858176     
       38.20               5.016308              24828              331.404877     
       38.30               5.016308              25301              304.804501     
       38.40               5.016308              25028              319.111771     
       38.50               5.016308              24966              285.814723     
       38.60               5.016308              25022              265.253048     
       38.70               5.016308              25271              261.711026     
       38.80               5.016308              25306              298.256030     
       38.90               5.016308              25291              328.589257     
       39.00               5.016308              25158              361.959378     
       39.10               5.016308              24962              365.745175     
       39.20               5.016308              25111              398.618299     
       39.30               5.016308              25081              320.689051     
       39.40               5.016308              25294              284.770209     
       39.50               5.016308              25442              238.049180     
       39.60               5.016308              25219              264.462665     
       39.70               5.016308              25415              271.426609     
       39.80               5.016308              25685              248.476274     
       39.90               5.016308              25360              253.853472     
       40.00               5.016308              25408              282.396693     
       40.10               5.016308              25310              275.409737     
       40.20               5.016308              25581              247.069963     
       40.30               5.016308              25618              257.040657     
       40.40               5.016308              25613              280.433069     
       40.50               5.016308              25756              310.824068     
       40.60               5.016308              25540              330.604310     
       40.70               5.016308              25558              364.428537     
       40.80               5.016308              25349              305.397070     
       40.90               5.016308              25483              319.603662     
       41.00               5.016308              25153              336.495625     
       41.10               5.016308              25347              323.489467     
       41.20               5.016308              25757              352.010777     
       41.30               5.016308              25132              396.204776     
       41.40               5.016308              25704              398.926459     
       41.50               5.016308              25505              409.485146     
       41.60               5.016308              25762              351.919405     
       41.70               5.016308              24951              330.396834     
       41.80               5.016308              25161              333.868576     
       41.90               5.016308              25201              347.011612     
       42.00               5.016308              25340              331.993964     
       42.10               5.016308              25251              311.461450     
       42.20               5.016308              25213              287.368292     
       42.30               5.016308              25173              271.179444     
       42.40               5.016308              25229              268.359818     
       42.50               5.016308              25446              254.004963     
       42.60               5.016308              25687              275.500303     
       42.70               5.016308              25474              278.960045     
       42.80               5.016308              25729              291.293045     
       42.90               5.016308              25451              274.994136     
       43.00               5.016308              25712              322.865872     
       43.10               5.016308              25474              330.627324     
       43.20               5.016308              25616              341.246651     
       43.30               5.016308              25746              338.964566     
       43.40               5.016308              25744              364.275278     
       43.50               5.016308              25623              326.789773     
       43.60               5.016308              25788              338.465824     
       43.70               5.016308              25547              329.217903     
       43.80               5.016308              25793              296.969415     
       43.90               5.016308              26076              367.848448     
       44.00               5.016308              25639              396.312308     
       44.10               5.016308              25933              422.146311     
       44.20               5.016308              25499              390.028753     
       44.30               5.016308              25817              360.127028     
       44.40               5.016308              25369              361.516094     
       44.50               5.016308              25428              386.117240     
       44.60               5.016308              25621              376.059152     
       44.70               5.016308              25384              302.528787     
       44.80               5.016308              25325              326.177322     
       44.90               5.016308              25642              282.638153     
       45.00               5.016308              25553              323.164913     
       45.10               5.016308              25629              329.616255     
       45.20               5.016308              25563              363.066244     
       45.30               5.016308              25736              380.200328     
       45.40               5.016308              25687              431.303434     
       45.50               5.016308              25459              415.147536     
       45.60               5.016308              25592              422.533586     
       45.70               5.016308              25377              399.948872     
       45.80               5.016308              25257              456.455980     
       45.90               5.016308              25234              449.021485     
       46.00               5.016308              25150              390.381258     
       46.10               5.016308              25088              331.653028     
       46.20               5.016308              25393              254.831642     
       46.30               5.016308              25420              251.236973     
       46.40               5.016308              25409              300.867607     
       46.50               5.016308              25640              341.432442     
       46.60               5.016308              25391              347.024526     
       46.70               5.016308              25673              353.128411     
       46.80               5.016308              25393              315.914095     
       46.90               5.016308              25349              336.992687     
       47.00               5.016308              25534              373.971159     
       47.10               5.016308              25625              384.418135     
       47.20               5.016308              25524              422.892237     
       47.30               5.016308              25743              433.095629     
       47.40               5.016308              25376              425.692476     
       47.50               5.016308              25363              399.790570     
       47.60               5.016308              25391              340.599379     
       47.70               5.016308              25344              314.231748     
       47.80               5.016308              24953              290.740493     
       47.90               5.016308              24969              318.234532     
       48.00               5.016308              24939              337.348806     
       48.10               5.016308              24865              295.155346     
       48.20               5.016308              24867              286.630658     
       48.30               5.016308              24597              317.713808     
       48.40               5.016308              24856              372.683492     
       48.50               5.016308              24854              344.487633     
       48.60               5.016308              25118              379.639434     
       48.70               5.016308              25159              364.300577     
       48.80               5.016308              25293              333.120805     
       48.90               5.016308              25317              358.693593     
       49.00               5.016308              25462              367.444635     
       49.10               5.016308              25566              346.897157     
       49.20               5.016308              25661              340.400696     
       49.30               5.016308              25504              320.734556     
       49.40               5.016308              25617              292.185587     
       49.50               5.016308              25663              278.811660     
       49.60               5.016308              25586              277.620886     
       49.70               5.016308              25879              338.680862     
       49.80               5.016308              25590              404.615068     
       49.90               5.016308              25590              406.538118     
       50.00               5.016308              25528              384.865648     
       50.10               5.016308              25476              375.528228     
       50.20               5.016308              25694              325.749833     
       50.30               5.016308              25474              298.636419     
       50.40               5.016308              25729              341.499758     
       50.50               5.016308              25686              310.575204     
       50.60               5.016308              25534              328.273882     
       50.70               5.016308              25409              338.355439     
       50.80               5.016308              25707              289.287844     
       50.90               5.016308              25510              306.194346     
       51.00               5.016308              25485              321.277212     
       51.10               5.016308              25148              309.346123     
       51.20               5.016308              25422              284.180914     
       51.30               5.016308              25308              272.140073     
       51.40               5.016308              25093              295.553817     
       51.50               5.016308              25312              351.796810     
       51.60               5.016308              25087              365.233097     
       51.70               5.016308              25109              382.552018     
       51.80               5.016308              25029              365.653503     
       51.90               5.016308              25165              370.965450     
       52.00               5.016308              25405              307.764004     
       52.10               5.016308              25507              313.796678     
       52.20               5.016308              25560              289.686162     
       52.30               5.016308              25245              283.951051     
       52.40               5.016308              25807              279.143531     
       52.50               5.016308              25395              281.791059     
       52.60               5.016308              25815              257.684811     
       52.70               5.016308              26011              261.455311     
       52.80               5.016308              26196              304.193834     
       52.90               5.016308              25827              305.424413     
       53.00               5.016308              26098              302.575290     
       53.10               5.016308              26239              346.019096     
       53.20               5.016308              25719              351.820502     
       53.30               5.016308              25320              342.932883     
       53.40               5.016308              25416              331.649913     
       53.50               5.016308              25309              334.007126     
       53.60               5.016308              24881              340.543599     
       53.70               5.016308              25075              309.858595     
       53.80               5.016308              25024              298.706045     
       53.90               5.016308              25058              283.183706     
       54.00               5.016308              24904              286.027232     
       54.10               5.016308              25151              298.980260     
       54.20               5.016308              25218              266.522112     
       54.30               5.016308              25170              323.706543     
       54.40               5.016308              25200              287.629821     
       54.50               5.016308              24851              260.067632     
       54.60               5.016308              25483              266.125169     
       54.70               5.016308              25438              308.218454     
       54.80               5.016308              25075              279.273790     
       54.90               5.016308              25064              277.996176     
       55.00               5.016308              25273              286.609560     
       55.10               5.016308              25340              336.276357     
       55.20               5.016308              25549              349.656377     
       55.30               5.016308              25170              341.384172     
       55.40               5.016308              25609              343.726164     
       55.50               5.016308              25841              332.012055     
       55.60               5.016308              25339              300.630669     
       55.70               5.016308              25108              318.357885     
       55.80               5.016308              25276              330.128078     
       55.90               5.016308              25527              297.575326     
       56.00               5.016308              25644              298.242725     
       56.10               5.016308              25533              323.705094     
       56.20               5.016308              25469              295.135676     
       56.30               5.016308              25560              262.401622     
       56.40               5.016308              25296              250.552643     
       56.50               5.016308              24980              285.717049     
       56.60               5.016308              25320              344.827669     
       56.70               5.016308              25125              343.439503     
       56.80               5.016308              25166              392.277444     
       56.90               5.016308              25043              362.515536     
       57.00               5.016308              24843              351.754900     
       57.10               5.016308              24806              355.156528     
       57.20               5.016308              24810              299.569492     
       57.30               5.016308              24620              329.328010     
       57.40               5.016308              24956              322.050158     
       57.50               5.016308              24728              328.919377     
       57.60               5.016308              24550              320.019452     
       57.70               5.016308              24494              345.018959     
       57.80               5.016308              24585              331.893288     
       57.90               5.016308              24674              348.089897     
       58.00               5.016308              24542              393.443858     
       58.10               5.016308              24621              374.723036     
       58.20               5.016308              24838              368.708473     
       58.30               5.016308              24349              346.708830     
       58.40               5.016308              24372              327.636590     
       58.50               5.016308              24116              334.652626     
       58.60               5.016308              24041              396.793265     
       58.70               5.016308              24078              354.042005     
       58.80               5.016308              24254              341.054063     
       58.90               5.016308              24298              300.789265     
       59.00               5.016308              24014              253.981453     
       59.10               5.016308              24279              283.617973     
       59.20               5.016308              24162              284.796352     
       59.30               5.016308              23983              261.507343     
       59.40               5.016308              23675              330.251806     
       59.50               5.016308              24058              358.206102     
       59.60               5.016308              24171              337.268967     
       59.70               5.016308              24451              364.338113     
       59.80               5.016308              24104              348.208143     
       59.90               5.016308              24777              307.958324     
       60.00               5.016308              24043              307.473748     
       60.10               5.016308              24236              288.233481     
       60.20               5.016308              24287              319.787197     
       60.30               5.016308              23987              316.343269     
       60.40               5.016308              24422              362.269733     
       60.50               5.016308              24386              346.899486     
       60.60               5.016308              24354              295.312251     
       60.70               5.016308              24282              324.927877     
       60.80               5.016308              24430              308.657617     
       60.90               5.016308              24454              268.486301     
       61.00               5.016308              24242              285.818084     
       61.10               5.016308              24279              253.865472     
       61.20               5.016308              24248              254.306121     
       61.30               5.016308              24046              266.631015     
       61.40               5.016308              24213              285.643704     
       61.50               5.016308              24283              245.880829     
       61.60               5.016308              24467              304.188138     
       61.70               5.016308              24616              342.904042     
       61.80               5.016308              24410              374.032732     
       61.90               5.016308              24258              387.937783     
       62.00               5.016308              24027              329.941132     
       62.10               5.016308              24047              302.156690     
       62.20               5.016308              24495              357.047371     
       62.30               5.016308              24393              330.090524     
       62.40               5.016308              24301              334.476874     
       62.50               5.016308              24352              324.255485     
       62.60               5.016308              24329              329.238420     
       62.70               5.016308              24305              318.485151     
       62.80               5.016308              24470              320.472290     
       62.90               5.016308              24343              323.563489     
       63.00               5.016308              24502              278.176947     
       63.10               5.016308              24620              323.701888     
       63.20               5.016308              24567              346.860961     
       63.30               5.016308              24486              432.761704     
       63.40               5.016308              24250              379.174445     
       63.50               5.016308              24636              378.003227     
       63.60               5.016308              24701              331.847012     
       63.70               5.016308              24070              346.458638     
       63.80               5.016308              24626              318.647389     
       63.90               5.016308              24337              313.234251     
       64.00               5.016308              24232              347.655479     
       64.10               5.016308              23891              307.436383     
       64.20               5.016308              24074              310.850457     
       64.30               5.016308              24050              251.396416     
       64.40               5.016308              24192              254.737792     
       64.50               5.016308              24019              276.402071     
       64.60               5.016308              24111              292.624217     
       64.70               5.016308              24288              297.739758     
       64.80               5.016308              24109              293.413857     
       64.90               5.016308              24246              268.295044     
       65.00               5.016308              24385              295.516547     
       65.10               5.016308              24181              312.032152     
       65.20               5.016308              24297              323.796113     
       65.30               5.016308              24417              246.562209     
       65.40               5.016308              24381              265.138744     
       65.50               5.016308              24375              298.485909     
       65.60               5.016308              24306              345.620934     
       65.70               5.016308              24240              361.752498     
       65.80               5.016308              24600              343.125061     
       65.90               5.016308              24513              359.618615     
       66.00               5.016308              24491              301.577264     
       66.10               5.016308              24200              340.671735     
       66.20               5.016308              24257              374.562924     
       66.30               5.016308              24130              350.807533     
       66.40               5.016308              24236              366.757961     
       66.50               5.016308              24172              377.851900     
       66.60               5.016308              23896              395.248999     
       66.70               5.016308              23709              316.871304     
       66.80               5.016308              23882              292.119375     
       66.90               5.016308              23692              320.031741     
       67.00               5.016308              23907              305.722573     
       67.10               5.016308              23814              308.325390     
       67.20               5.016308              23980              334.499736     
       67.30               5.016308              24002              338.344164     
       67.40               5.016308              23992              341.298562     
       67.50               5.016308              23645              321.838834     
       67.60               5.016308              23083              268.610937     
       67.70               5.016308              23201              270.407509     
       67.80               5.016308              24122              247.436136     
       67.90               5.016308              24163              299.631008     
       68.00               5.016308              24068              304.737125     
       68.10               5.016308              23929              328.177115     
       68.20               5.016308              23904              317.932806     
       68.30               5.016308              24071              301.045223     
       68.40               5.016308              23990              246.591775     
       68.50               5.016308              24092              329.047676     
       68.60               5.016308              24138              324.686494     
       68.70               5.016308              24408              314.234105     
       68.80               5.016308              23838              329.746581     
       68.90               5.016308              23937              258.900318     
       69.00               5.016308              23923              244.992832     
       69.10               5.016308              23926              285.876444     
       69.20               5.016308              24043              280.134194     
       69.30               5.016308              24030              278.366757     
       69.40               5.016308              24234              310.645298     
       69.50               5.016308              24558              284.552022     
       69.60               5.016308              24338              282.498607     
       69.70               5.016308              24183              265.894122     
       69.80               5.016308              24114              300.144722     
       69.90               5.016308              24376              297.163087     
       70.00               5.016308              24166              321.985104     
       70.10               5.016308              24264              310.884486     
       70.20               5.016308              23651              277.287379     
       70.30               5.016308              23538              259.291576     
       70.40               5.016308              23507              324.841840     
       70.50               5.016308              23708              318.010146     
       70.60               5.016308              23965              342.316437     
       70.70               5.016308              23560              330.974288     
       70.80               5.016308              23476              373.694827     
       70.90               5.016308              23808              383.541809     
       71.00               5.016308              23574              367.003219     
       71.10               5.016308              23658              328.117858     
       71.20               5.016308              23950              353.074072     
       71.30               5.016308              23974              313.164871     
       71.40               5.016308              23908              298.785131     
       71.50               5.016308              23819              295.949650     
       71.60               5.016308              23810              288.081943     
       71.70               5.016308              23761              282.605994     
       71.80               5.016308              23665              298.612516     
       71.90               5.016308              23732              296.312175     
       72.00               5.016308              23610              342.554806     
       72.10               5.016308              23682              362.754791     
       72.20               5.016308              23951              370.101535     
       72.30               5.016308              23403              348.777086     
       72.40               5.016308              23849              370.833175     
       72.50               5.016308              23443              340.768605     
       72.60               5.016308              22867              330.616048     
       72.70               5.016308              23093              355.262504     
       72.80               5.016308              23054              399.580430     
       72.90               5.016308              23150              381.224260     
       73.00               5.016308              23212              393.467981     
       73.10               5.016308              23385              351.717439     
       73.20               5.016308              23611              289.580808     
       73.30               5.016308              23234              319.406693     
       73.40               5.016308              23305              344.604510     
       73.50               5.016308              23638              352.235824     
       73.60               5.016308              23637              347.412227     
       73.70               5.016308              23832              359.878218     
       73.80               5.016308              23840              375.317427     
       73.90               5.016308              23808              369.020520     
       74.00               5.016308              24055              419.603920     
       74.10               5.016308              23869              400.254508     
       74.20               5.016308              23955              334.915903     
       74.30               5.016308              23821              299.602782     
       74.40               5.016308              23979              323.904914     
       74.50               5.016308              24150              336.173761     
       74.60               5.016308              23946              335.012313     
       74.70               5.016308              24148              321.522241     
       74.80               5.016308              24006              331.727743     
       74.90               5.016308              24310              335.177140     
       75.00               5.016308              24086              392.248651     
       75.10               5.016308              24213              370.819649     
       75.20               5.016308              24222              402.996929     
       75.30               5.016308              24618              382.856960     
       75.40               5.016308              24666              382.833474     
       75.50               5.016308              24853              380.854992     
       75.60               5.016308              24398              460.756962     
       75.70               5.016308              24656              439.272980     
       75.80               5.016308              24846              441.183312     
       75.90               5.016308              25396              393.065271     
       76.00               5.016308              25028              388.909491     
       76.10               5.016308              25079              382.034422     
       76.20               5.016308              25169              382.473156     
       76.30               5.016308              25483              370.662171     
       76.40               5.016308              25102              375.321772     
       76.50               5.016308              24978              347.628027     
       76.60               5.016308              24820              339.234147     
       76.70               5.016308              25079              384.337092     
       76.80               5.016308              25049              395.738808     
       76.90               5.016308              24846              414.771230     
       77.00               5.016308              24763              352.088222     
       77.10               5.016308              24859              327.529481     
       77.20               5.016308              24758              321.216848     
       77.30               5.016308              25197              312.676090     
       77.40               5.016308              25013              332.878725     
       77.50               5.016308              24980              316.842371     
       77.60               5.016308              24744              358.333147     
       77.70               5.016308              24248              344.649609     
       77.80               5.016308              24096              345.765015     
       77.90               5.016308              24364              413.040341     
       78.00               5.016308              24314              360.698873     
       78.10               5.016308              24465              352.011603     
       78.20               5.016308              24660              394.080961     
       78.30               5.016308              24511              353.412704     
       78.40               5.016308              24657              300.418828     
       78.50               5.016308              24616              350.692804     
       78.60               5.016308              24503              337.775986     
       78.70               5.016308              24543              353.894848     
       78.80               5.016308              24606              366.388350     
       78.90               5.016308              24527              350.096040     
       79.00               5.016308              24871              336.635658     
       79.10               5.016308              24848              350.354546     
       79.20               5.016308              24676              369.720968     
       79.30               5.016308              25213              294.159948     
       79.40               5.016308              25147              267.890800     
       79.50               5.016308              25153              351.766444     
       79.60               5.016308              25194              285.276601     
       79.70               5.016308              24435              294.191258     
       79.80               5.016308              24508              300.773162     
       79.90               5.016308              24528              373.456009     
       80.00               5.016308              24434              371.962397     
       80.10               5.016308              24167              353.282418     
       80.20               5.016308              24432              319.717808     
       80.30               5.016308              23930              308.986949     
       80.40               5.016308              23751              333.815067     
       80.50               5.016308              23552              347.821724     
       80.60               5.016308              23557              327.717684     
       80.70               5.016308              23472              262.682246     
       80.80               5.016308              23470              253.206340     
       80.90               5.016308              23649              302.812901     
       81.00               5.016308              23431              309.365601     
       81.10               5.016308              23523              324.265558     
       81.20               5.016308              23314              378.546656     
       81.30               5.016308              23486              397.516425     
       81.40               5.016308              23244              340.816975     
       81.50               5.016308              23489              352.514622     
       81.60               5.016308              23312              294.060413     
       81.70               5.016308              23909              266.242674     
       81.80               5.016308              23909              271.566334     
       81.90               5.016308              23738              279.951688     
       82.00               5.016308              23817              268.678568     
       82.10               5.016308              23923              291.591701     
       82.20               5.016308              23752              384.626025     
       82.30               5.016308              23926              379.027755     
       82.40               5.016308              23951              348.310918     
       82.50               5.016308              23621              350.886045     
       82.60               5.016308              23586              306.003536     
       82.70               5.016308              23737              310.888047     
       82.80               5.016308              23163              341.891875     
       82.90               5.016308              23260              305.987466     
       83.00               5.016308              23356              305.034766     
       83.10               5.016308              23528              334.869809     
       83.20               5.016308              23163              381.970531     
       83.30               5.016308              23450              356.344759     
       83.40               5.016308              23200              282.242294     
       83.50               5.016308              23001              319.990086     
       83.60               5.016308              22955              297.070338     
       83.70               5.016308              23129              311.950432     
       83.80               5.016308              22804              307.429852     
       83.90               5.016308              23114              290.711660     
       84.00               5.016308              23036              290.717908     
       84.10               5.016308              23195              290.374177     
       84.20               5.016308              23616              309.541825     
       84.30               5.016308              22931              309.385484     
       84.40               5.016308              22827              299.363934     
       84.50               5.016308              23175              273.359096     
       84.60               5.016308              23035              298.283193     
       84.70               5.016308              23439              283.993944     
       84.80               5.016308              23319              310.959616     
       84.90               5.016308              23294              334.746340     
       85.00               5.016308              23243              328.922316     
       85.10               5.016308              23483              355.385408     
       85.20               5.016308              23007              334.676002     
       85.30               5.016308              23069              322.568991     
       85.40               5.016308              23200              316.843192     
       85.50               5.016308              23221              337.991702     
       85.60               5.016308              23182              346.024889     
       85.70               5.016308              23014              365.472867     
       85.80               5.016308              22908              349.547242     
       85.90               5.016308              22591              365.928245     
       86.00               5.016308              22766              357.946774     
       86.10               5.016308              22357              349.450498     
       86.20               5.016308              22597              322.814434     
       86.30               5.016308              22451              291.748277     
       86.40               5.016308              22606              287.750625     
       86.50               5.016308              22535              323.400254     
       86.60               5.016308              22787              388.512630     
       86.70               5.016308              22333              318.057298     
       86.80               5.016308              22426              337.590016     
       86.90               5.016308              22710              346.804548     
       87.00               5.016308              23038              325.261242     
       87.10               5.016308              22991              354.443117     
       87.20               5.016308              23153              361.080146     
       87.30               5.016308              23277              351.034332     
       87.40               5.016308              23537              349.480951     
       87.50               5.016308              23718              363.486019     
       87.60               5.016308              23303              296.096190     
       87.70               5.016308              23208              305.467750     
       87.80               5.016308              23539              343.407309     
       87.90               5.016308              23515              343.862009     
       88.00               5.016308              23435              356.734322     
       88.10               5.016308              23379              350.329528     
       88.20               5.016308              23354              358.074751     
       88.30               5.016308              23098              327.544513     
       88.40               5.016308              23027              345.213454     
       88.50               5.016308              23117              354.670494     
       88.60               5.016308              23475              360.884936     
       88.70               5.016308              23315              370.007547     
       88.80               5.016308              22700              353.514008     
       88.90               5.016308              22871              336.235364     
       89.00               5.016308              23116              354.951624     
       89.10               5.016308              23146              351.199385     
       89.20               5.016308              22698              341.491338     
       89.30               5.016308              22933              319.492446     
       89.40               5.016308              22924              325.191585     
       89.50               5.016308              23099              320.850154     
       89.60               5.016308              23130              294.162464     
       89.70               5.016308              23323              289.103641     
       89.80               5.016308              23316              300.587090     
       89.90               5.016308              23089              339.973337     
       90.00               5.016308              23160              365.931192     
       90.10               5.016308              23384              346.096889     
       90.20               5.016308              23420              328.013029     
       90.30               5.016308              23299              360.318223     
       90.40               5.016308              23225              371.481788     
       90.50               5.016308              23134              359.655937     
       90.60               5.016308              23443              326.290552     
       90.70               5.016308              23758              278.958568     
       90.80               5.016308              23683              281.805184     
       90.90               5.016308              23442              294.949028     
       91.00               5.016308              23389              301.393341     
       91.10               5.016308              24059              257.317607     
       91.20               5.016308              23778              262.301807     
       91.30               5.016308              23411              281.003679     
       91.40               5.016308              23210              277.694056     
       91.50               5.016308              22757              318.711134     
       91.60               5.016308              23130              320.633380     
       91.70               5.016308              22993              318.065706     
       91.80               5.016308              23006              324.427981     
       91.90               5.016308              22761              312.618308     
       92.00               5.016308              23019              320.275684     
       92.10               5.016308              23089              325.357754     
       92.20               5.016308              23083              363.759691     
       92.30               5.016308              23241              301.564982     
       92.40               5.016308              22941              299.068489     
       92.50               5.016308              22759              301.084659     
       92.60               5.016308              23015              314.487931     
       92.70               5.016308              22893              329.966459     
       92.80               5.016308              22869              427.925483     
       92.90               5.016308              22453              408.446030     
       93.00               5.016308              23110              395.105175     
       93.10               5.016308              22988              342.619103     
       93.20               5.016308              22822              342.302916     
       93.30               5.016308              22710              341.371984     
       93.40               5.016308              22917              341.737395     
       93.50               5.016308              22766              352.831009     
       93.60               5.016308              22830              350.047167     
       93.70               5.016308              22983              339.493716     
       93.80               5.016308              23505              323.559262     
       93.90               5.016308              23339              429.656852     
       94.00               5.016308              23347              363.848916     
       94.10               5.016308              23152              371.745181     
       94.20               5.016308              23403              389.575783     
       94.30               5.016308              23054              327.143397     
       94.40               5.016308              22643              349.821987     
       94.50               5.016308              22753              369.923138     
       94.60               5.016308              22585              384.465673     
       94.70               5.016308              22811              356.234231     
       94.80               5.016308              22609              356.711354     
       94.90               5.016308              22440              348.592783     
       95.00               5.016308              22786              362.159969     
       95.10               5.016308              22191              343.016163     
       95.20               5.016308              22512              352.901656     
       95.30               5.016308              22416              374.422277     
       95.40               5.016308              22752              298.014304     
       95.50               5.016308              22445              313.738993     
       95.60               5.016308              22536              304.081238     
       95.70               5.016308              22412              329.315290     
       95.80               5.016308              22538              322.370733     
       95.90               5.016308              22630              305.214806     
       96.00               5.016308              22284              317.762674     
       96.10               5.016308              22370              309.383436     
       96.20               5.016308              22766              354.698293     
       96.30               5.016308              22672              344.210875     
       96.40               5.016308              22943              351.588647     
       96.50               5.016308              22884              329.169553     
       96.60               5.016308              22625              292.899223     
       96.70               5.016308              23048              254.295612     
       96.80               5.016308              22986              249.238367     
       96.90               5.016308              22794              244.772193     
       97.00               5.016308              23134              332.922847     
       97.10               5.016308              22765              322.306352     
       97.20               5.016308              22492              332.388536     
       97.30               5.016308              22604              325.772984     
       97.40               5.016308              22733              290.836615     
       97.50               5.016308              22833              299.558230     
       97.60               5.016308              22609              263.678962     
       97.70               5.016308              22861              310.352351     
       97.80               5.016308              23195              340.577707     
       97.90               5.016308              23184              426.300962     
       98.00               5.016308              23266              408.143138     
       98.10               5.016308              22902              349.370505     
       98.20               5.016308              23314              331.281063     
       98.30               5.016308              23078              301.241386     
       98.40               5.016308              23248              351.012351     
       98.50               5.016308              23402              368.165510     
       98.60               5.016308              23340              391.284897     
       98.70               5.016308              23373              347.386413     
       98.80               5.016308              23499              341.269691     
       98.90               5.016308              23213              392.058088     
       99.00               5.016308              23098              371.950787     
       99.10               5.016308              22988              351.765657     
       99.20               5.016308              23294              335.844775     
       99.30               5.016308              23249              276.382918     
       99.40               5.016308              23365              244.243883     
       99.50               5.016308              23341              286.461485     
       99.60               5.016308              23384              299.018806     
       99.70               5.016308              23576              262.197836     
       99.80               5.016308              23144              255.315515     
