        tauB               sizeBin             clust_size      press_align
        0.00               5.016308              38875             7278.448982     
        0.10               5.016308              38932             6409.594685     
        0.20               5.016308              39343             5176.843276     
        0.30               5.016308              39795             3942.511183     
        0.40               5.016308              40194             3116.031630     
        0.50               5.016308              40521             2286.550358     
        0.60               5.016308              40865             1817.075454     
        0.70               5.016308              41218             1523.605216     
        0.80               5.016308              41408             1282.582264     
        0.90               5.016308              41632             1150.513897     
        1.00               5.016308              41649             1048.413200     
        1.10               5.016308              41667              965.782300     
        1.20               5.016308              41648             1009.231495     
        1.30               5.016308              41621             1050.249318     
        1.40               5.016308              41595             1005.459337     
        1.50               5.016308              41582              987.655529     
        1.60               5.016308              41538              880.008262     
        1.70               5.016308              41567              941.969661     
        1.80               5.016308              41554              944.840548     
        1.90               5.016308              41412              838.897386     
        2.00               5.016308              41367              899.186358     
        2.10               5.016308              41347              906.696850     
        2.20               5.016308              41143              813.570009     
        2.30               5.016308              41199              883.560446     
        2.40               5.016308              41028              874.911849     
        2.50               5.016308              40933              875.322434     
        2.60               5.016308              40927              862.693299     
        2.70               5.016308              40890              732.999885     
        2.80               5.016308              40768              839.158410     
        2.90               5.016308              40568              917.711007     
        3.00               5.016308              40583              957.677162     
        3.10               5.016308              40443             1056.624302     
        3.20               5.016308              40242             1213.882238     
        3.30               5.016308              40052             1245.614100     
        3.40               5.016308              40083             1258.619580     
        3.50               5.016308              40075             1178.646090     
        3.60               5.016308              39919             1045.783533     
        3.70               5.016308              40035              983.936894     
        3.80               5.016308              40135              999.637137     
        3.90               5.016308              40167             1030.209354     
        4.00               5.016308              40168             1010.631481     
        4.10               5.016308              40187              983.699445     
        4.20               5.016308              40288             1013.843752     
        4.30               5.016308              40296              961.513488     
        4.40               5.016308              40448             1000.170005     
        4.50               5.016308              40479              992.236342     
        4.60               5.016308              40403              968.649423     
        4.70               5.016308              40284             1114.551630     
        4.80               5.016308              40162              984.435900     
        4.90               5.016308              40165              917.615272     
        5.00               5.016308              40209              956.382502     
        5.10               5.016308              40343              872.605742     
        5.20               5.016308              40388              896.659377     
        5.30               5.016308              40380              975.510229     
        5.40               5.016308              40480             1081.671140     
        5.50               5.016308              40594             1121.441535     
        5.60               5.016308              40613             1156.981121     
        5.70               5.016308              40562              911.872359     
        5.80               5.016308              40511              978.930009     
        5.90               5.016308              40424             1024.689082     
        6.00               5.016308              40521              939.904456     
        6.10               5.016308              40534             1000.116356     
        6.20               5.016308              40481              992.360649     
        6.30               5.016308              40509              939.811786     
        6.40               5.016308              40612             1086.160057     
        6.50               5.016308              40620             1072.356238     
        6.60               5.016308              40608              966.457312     
        6.70               5.016308              40548             1013.767443     
        6.80               5.016308              40622              955.959344     
        6.90               5.016308              40550             1033.910979     
        7.00               5.016308              40436             1025.049565     
        7.10               5.016308              40593              954.609742     
        7.20               5.016308              40544              939.895068     
        7.30               5.016308              40591              891.659246     
        7.40               5.016308              40603              996.585271     
        7.50               5.016308              40533              951.329250     
        7.60               5.016308              40539             1181.458610     
        7.70               5.016308              40487             1010.150780     
        7.80               5.016308              40349              949.921180     
        7.90               5.016308              40293              878.283636     
        8.00               5.016308              40421              820.674016     
        8.10               5.016308              40479              790.594935     
        8.20               5.016308              40541              906.685471     
        8.30               5.016308              40584              899.176989     
        8.40               5.016308              40659             1025.924566     
        8.50               5.016308              40645              970.246243     
        8.60               5.016308              40813             1041.240155     
        8.70               5.016308              40859             1080.695762     
        8.80               5.016308              41059             1023.129512     
        8.90               5.016308              41084              983.544423     
        9.00               5.016308              41312              932.303714     
        9.10               5.016308              41302              868.070303     
        9.20               5.016308              41243              864.256227     
        9.30               5.016308              41260              932.899413     
        9.40               5.016308              41151              955.623135     
        9.50               5.016308              41124              985.684713     
        9.60               5.016308              41013             1018.181068     
        9.70               5.016308              40848              814.255783     
        9.80               5.016308              40726              854.117118     
        9.90               5.016308              40689              885.728761     
       10.00               5.016308              40529              854.345410     
       10.10               5.016308              40565              930.686141     
       10.20               5.016308              40620              947.182953     
       10.30               5.016308              40541              918.830950     
       10.40               5.016308              40546              859.182882     
       10.50               5.016308              40549              985.225200     
       10.60               5.016308              40623              998.446566     
       10.70               5.016308              40604             1125.503592     
       10.80               5.016308              40485             1101.563547     
       10.90               5.016308              40444             1030.544271     
       11.00               5.016308              40407              939.825202     
       11.10               5.016308              40252              873.775424     
       11.20               5.016308              40281              751.122785     
       11.30               5.016308              40226              883.582167     
       11.40               5.016308              40424              926.578086     
       11.50               5.016308              40522             1066.013110     
       11.60               5.016308              40568             1070.335919     
       11.70               5.016308              40628             1057.722236     
       11.80               5.016308              40562             1002.146965     
       11.90               5.016308              40566              988.746938     
       12.00               5.016308              40660              949.074690     
       12.10               5.016308              40762              996.914604     
       12.20               5.016308              40704              959.960451     
       12.30               5.016308              40539             1055.029620     
       12.40               5.016308              40488             1035.683924     
       12.50               5.016308              40366             1148.549685     
       12.60               5.016308              40186             1240.695363     
       12.70               5.016308              40135             1142.762232     
       12.80               5.016308              39950             1084.069431     
       12.90               5.016308              39643             1001.507545     
       13.00               5.016308              39663             1123.838551     
       13.10               5.016308              37646             1093.858424     
       13.20               5.016308              37769             1102.977249     
       13.30               5.016308              38009              945.148213     
       13.40               5.016308              38242              995.195508     
       13.50               5.016308              38420             1043.044601     
       13.60               5.016308              38722             1063.423536     
       13.70               5.016308              38763              969.944744     
       13.80               5.016308              38938              963.720698     
       13.90               5.016308              39134              955.474583     
       14.00               5.016308              39283              943.885825     
       14.10               5.016308              39273             1008.268682     
       14.20               5.016308              39324              944.055939     
       14.30               5.016308              39185             1005.760190     
       14.40               5.016308              39340             1103.790807     
       14.50               5.016308              39358             1060.479836     
       14.60               5.016308              37203             1266.779541     
       14.70               5.016308              37436             1184.617016     
       14.80               5.016308              37732             1206.871327     
       14.90               5.016308              37928             1107.860874     
       15.00               5.016308              37978             1062.345942     
       15.10               5.016308              38170             1068.615262     
       15.20               5.016308              38038             1100.522705     
       15.30               5.016308              38210             1206.730443     
       15.40               5.016308              38413             1231.634713     
       15.50               5.016308              38585             1109.102141     
       15.60               5.016308              38554             1104.235988     
       15.70               5.016308              38783              947.392295     
       15.80               5.016308              39153              977.392940     
       15.90               5.016308              39314              949.206921     
       16.00               5.016308              39617              846.624514     
       16.10               5.016308              39823              956.990656     
       16.20               5.016308              39964             1117.550627     
       16.30               5.016308              40042             1154.518127     
       16.40               5.016308              40191             1122.503650     
       16.50               5.016308              40261             1131.884115     
       16.60               5.016308              40357             1165.828703     
       16.70               5.016308              40504             1133.684547     
       16.80               5.016308              40612              979.812608     
       16.90               5.016308              40777             1142.685072     
       17.00               5.016308              40815             1069.724000     
       17.10               5.016308              40897             1058.214006     
       17.20               5.016308              40975             1009.116514     
       17.30               5.016308              40906             1107.383907     
       17.40               5.016308              40952             1139.316508     
       17.50               5.016308              40968             1075.598036     
       17.60               5.016308              41003             1006.648165     
       17.70               5.016308              41080             1064.630288     
       17.80               5.016308              40970             1001.787614     
       17.90               5.016308              40937              986.371799     
       18.00               5.016308              40934              974.733286     
       18.10               5.016308              40801              876.095497     
       18.20               5.016308              40711              893.385931     
       18.30               5.016308              40623              934.824490     
       18.40               5.016308              40709              906.622792     
       18.50               5.016308              40775             1033.953032     
       18.60               5.016308              40789              907.491244     
       18.70               5.016308              40766              880.536169     
       18.80               5.016308              40707              894.645293     
       18.90               5.016308              40636              835.984828     
       19.00               5.016308              40664              923.253870     
       19.10               5.016308              40512              995.954074     
       19.20               5.016308              40470              847.745548     
       19.30               5.016308              40453              982.475700     
       19.40               5.016308              40316             1067.535119     
       19.50               5.016308              40298             1053.619452     
       19.60               5.016308              40358             1055.243028     
       19.70               5.016308              40400             1126.895319     
       19.80               5.016308              40422             1054.887830     
       19.90               5.016308              40393             1062.596012     
       20.00               5.016308              40473              976.642782     
       20.10               5.016308              40549             1056.684059     
       20.20               5.016308              40432             1222.901950     
       20.30               5.016308              40289             1080.479910     
       20.40               5.016308              40158             1101.774317     
       20.50               5.016308              40057             1018.647447     
       20.60               5.016308              40100             1317.043383     
       20.70               5.016308              40136             1324.244930     
       20.80               5.016308              40208             1301.570900     
       20.90               5.016308              40236             1096.989710     
       21.00               5.016308              40329              998.873654     
       21.10               5.016308              40395             1038.709297     
       21.20               5.016308              40410              916.770862     
       21.30               5.016308              40455              828.507291     
       21.40               5.016308              40484             1003.696311     
       21.50               5.016308              40563              985.998123     
       21.60               5.016308              40520              976.668951     
       21.70               5.016308              40577             1034.372462     
       21.80               5.016308              40576              961.635447     
       21.90               5.016308              40799              931.253798     
       22.00               5.016308              40885              965.720091     
       22.10               5.016308              40898             1071.532255     
       22.20               5.016308              40843             1202.951271     
       22.30               5.016308              40806             1245.446799     
       22.40               5.016308              40691             1231.645409     
       22.50               5.016308              40708             1161.626107     
       22.60               5.016308              40537             1019.993895     
       22.70               5.016308              40492             1032.893170     
       22.80               5.016308              40648              916.920084     
       22.90               5.016308              40725              962.499378     
       23.00               5.016308              40823              950.342610     
       23.10               5.016308              40815              895.244770     
       23.20               5.016308              40726              901.662226     
       23.30               5.016308              40806              897.045712     
       23.40               5.016308              40860              695.485134     
       23.50               5.016308              40849              611.414337     
       23.60               5.016308              40789              714.716121     
       23.70               5.016308              40946              820.522489     
       23.80               5.016308              40913              757.474035     
       23.90               5.016308              40901              889.508248     
       24.00               5.016308              40932              903.601637     
       24.10               5.016308              40884              987.564204     
       24.20               5.016308              40736             1036.819249     
       24.30               5.016308              40747             1125.847336     
       24.40               5.016308              40717             1151.056402     
       24.50               5.016308              40636             1172.000203     
       24.60               5.016308              40580             1158.111708     
       24.70               5.016308              40517             1278.550703     
       24.80               5.016308              40581             1232.929727     
       24.90               5.016308              40465             1109.341829     
       25.00               5.016308              40511              894.514920     
       25.10               5.016308              40665              998.346840     
       25.20               5.016308              40700             1025.408413     
       25.30               5.016308              40591             1041.839313     
       25.40               5.016308              40627             1251.845667     
       25.50               5.016308              40599             1169.446800     
       25.60               5.016308              40573             1001.847994     
       25.70               5.016308              40630             1006.038343     
       25.80               5.016308              40560             1029.397684     
       25.90               5.016308              40534             1103.358790     
       26.00               5.016308              40447             1010.707515     
       26.10               5.016308              40515              952.287209     
       26.20               5.016308              40327             1027.230908     
       26.30               5.016308              40415             1068.732124     
       26.40               5.016308              40293             1020.354717     
       26.50               5.016308              40331             1098.487165     
       26.60               5.016308              40507              999.380192     
       26.70               5.016308              40508             1006.541675     
       26.80               5.016308              40663              998.831646     
       26.90               5.016308              40745              972.523051     
       27.00               5.016308              40715              950.479939     
       27.10               5.016308              40712              878.616968     
       27.20               5.016308              40596             1009.579298     
       27.30               5.016308              40513             1104.969117     
       27.40               5.016308              40375             1177.561640     
       27.50               5.016308              40381             1242.158503     
       27.60               5.016308              40496             1240.868444     
       27.70               5.016308              40494             1147.598871     
       27.80               5.016308              40367             1157.531305     
       27.90               5.016308              40400             1113.464008     
       28.00               5.016308              40492             1089.313373     
       28.10               5.016308              40546             1197.776554     
       28.20               5.016308              40714             1286.407987     
       28.30               5.016308              40647             1151.429360     
       28.40               5.016308              40648             1107.382490     
       28.50               5.016308              40632              957.805751     
       28.60               5.016308              40638              992.931749     
       28.70               5.016308              40676              948.650373     
       28.80               5.016308              40702              882.394135     
       28.90               5.016308              40681             1047.300652     
       29.00               5.016308              40734              998.743825     
       29.10               5.016308              40843             1032.386074     
       29.20               5.016308              40828             1088.994375     
       29.30               5.016308              40873              993.105329     
       29.40               5.016308              40914              991.424452     
       29.50               5.016308              40967              993.723497     
       29.60               5.016308              40988             1037.313767     
       29.70               5.016308              41025              998.522016     
       29.80               5.016308              40996             1081.760022     
       29.90               5.016308              41030             1051.622637     
       30.00               5.016308              40776             1020.052737     
       30.10               5.016308              40788             1058.306954     
       30.20               5.016308              40733             1034.723218     
       30.30               5.016308              40884             1014.710438     
       30.40               5.016308              40848              915.925520     
       30.50               5.016308              40864             1039.519124     
       30.60               5.016308              40900              913.258067     
       30.70               5.016308              40960              888.588153     
       30.80               5.016308              40939              945.983540     
       30.90               5.016308              41020              908.440265     
       31.00               5.016308              41041             1036.886392     
       31.10               5.016308              41057             1020.858292     
       31.20               5.016308              41110              883.710236     
       31.30               5.016308              41023              881.076852     
       31.40               5.016308              41109              952.815377     
       31.50               5.016308              41095              922.181659     
       31.60               5.016308              40955              898.733017     
       31.70               5.016308              40861              802.572628     
       31.80               5.016308              40687              963.670055     
       31.90               5.016308              40676              964.965892     
       32.00               5.016308              40626              953.376871     
       32.10               5.016308              40547              929.254446     
       32.20               5.016308              40387              997.840327     
       32.30               5.016308              40443              822.757387     
       32.40               5.016308              40612              920.532353     
       32.50               5.016308              40719              939.685157     
       32.60               5.016308              40642              973.307252     
       32.70               5.016308              40732              942.436649     
       32.80               5.016308              40765              995.314887     
       32.90               5.016308              40805             1094.994183     
       33.00               5.016308              40805             1105.335776     
       33.10               5.016308              40850             1296.939680     
       33.20               5.016308              40851             1138.659533     
       33.30               5.016308              40754             1065.008649     
       33.40               5.016308              40614             1028.983167     
       33.50               5.016308              40468             1085.333802     
       33.60               5.016308              40410             1005.203149     
       33.70               5.016308              40373             1140.154977     
       33.80               5.016308              40356             1143.597048     
       33.90               5.016308              40434             1107.743338     
       34.00               5.016308              40473             1142.526332     
       34.10               5.016308              40656             1013.425099     
       34.20               5.016308              40823             1071.241964     
       34.30               5.016308              40897              916.665363     
       34.40               5.016308              40892              941.645314     
       34.50               5.016308              40792              977.490345     
       34.60               5.016308              40842             1086.722545     
       34.70               5.016308              40801             1121.845354     
       34.80               5.016308              40705             1172.631472     
       34.90               5.016308              40729             1098.515342     
       35.00               5.016308              40751             1092.937335     
       35.10               5.016308              40771             1159.075898     
       35.20               5.016308              40728             1083.994384     
       35.30               5.016308              40707             1244.897439     
       35.40               5.016308              40719             1224.106091     
       35.50               5.016308              40631             1254.922624     
       35.60               5.016308              40532             1284.508105     
       35.70               5.016308              40546             1221.370679     
       35.80               5.016308              40411             1170.705486     
       35.90               5.016308              40432             1030.883008     
       36.00               5.016308              40477             1021.915935     
       36.10               5.016308              40505             1010.618368     
       36.20               5.016308              40457             1210.311866     
       36.30               5.016308              40516             1186.558850     
       36.40               5.016308              40558             1097.748082     
       36.50               5.016308              40664              982.925042     
       36.60               5.016308              40448              938.919741     
       36.70               5.016308              40479             1082.286009     
       36.80               5.016308              40402              973.758259     
       36.90               5.016308              40366              958.296104     
       37.00               5.016308              40238              895.586693     
       37.10               5.016308              40340              876.355510     
       37.20               5.016308              40355              830.557733     
       37.30               5.016308              40507             1043.986186     
       37.40               5.016308              40693             1131.264500     
       37.50               5.016308              40794             1105.948513     
       37.60               5.016308              40897             1090.918889     
       37.70               5.016308              41052             1176.530276     
       37.80               5.016308              41073             1101.070948     
       37.90               5.016308              40955             1064.888796     
       38.00               5.016308              40907             1096.074752     
       38.10               5.016308              40893             1013.541356     
       38.20               5.016308              40939              920.274675     
       38.30               5.016308              40938              895.328457     
       38.40               5.016308              41017             1007.118497     
       38.50               5.016308              41137             1088.404659     
       38.60               5.016308              41323              996.940050     
       38.70               5.016308              41380             1003.103082     
       38.80               5.016308              41287             1129.371562     
       38.90               5.016308              41178             1006.680599     
       39.00               5.016308              40960              866.543565     
       39.10               5.016308              40894              834.561190     
       39.20               5.016308              40828              810.564319     
       39.30               5.016308              40774             1043.140401     
       39.40               5.016308              40662             1119.387782     
       39.50               5.016308              40694             1146.786864     
       39.60               5.016308              40687             1232.583863     
       39.70               5.016308              40551             1052.770291     
       39.80               5.016308              40599             1072.901467     
       39.90               5.016308              40618              996.368033     
       40.00               5.016308              40572              973.387101     
       40.10               5.016308              40576              905.885371     
       40.20               5.016308              40650              771.632994     
       40.30               5.016308              40593              874.816486     
       40.40               5.016308              40618              994.802875     
       40.50               5.016308              40629             1015.054822     
       40.60               5.016308              40636              995.188095     
       40.70               5.016308              40644             1142.598771     
       40.80               5.016308              40796             1083.306052     
       40.90               5.016308              40742              944.765088     
       41.00               5.016308              40737              962.559587     
       41.10               5.016308              40639              990.183610     
       41.20               5.016308              40742              920.602015     
       41.30               5.016308              40674             1164.286197     
       41.40               5.016308              40670             1071.495375     
       41.50               5.016308              40696             1039.235910     
       41.60               5.016308              40719             1080.819004     
       41.70               5.016308              40830              923.748803     
       41.80               5.016308              40646             1072.709975     
       41.90               5.016308              40602             1068.602432     
       42.00               5.016308              40542             1186.848232     
       42.10               5.016308              40467             1159.555967     
       42.20               5.016308              40414             1092.647463     
       42.30               5.016308              40500             1145.072747     
       42.40               5.016308              40556             1177.029428     
       42.50               5.016308              40428              963.503702     
       42.60               5.016308              40320              917.604626     
       42.70               5.016308              40289              842.335980     
       42.80               5.016308              40405             1017.914006     
       42.90               5.016308              40392             1053.658280     
       43.00               5.016308              40458             1044.381974     
       43.10               5.016308              40498             1167.481603     
       43.20               5.016308              40459             1144.154101     
       43.30               5.016308              40633             1078.853171     
       43.40               5.016308              40722             1152.750117     
       43.50               5.016308              40768             1101.050984     
       43.60               5.016308              40790             1035.747926     
       43.70               5.016308              40838              886.895374     
       43.80               5.016308              40749              873.025066     
       43.90               5.016308              40634              902.738333     
       44.00               5.016308              40632              810.710551     
       44.10               5.016308              40599              807.305984     
       44.20               5.016308              40568              878.211940     
       44.30               5.016308              40656              961.780175     
       44.40               5.016308              40670              950.253525     
       44.50               5.016308              40684             1155.266762     
       44.60               5.016308              40546             1070.933844     
       44.70               5.016308              40516              997.334107     
       44.80               5.016308              40519              966.762102     
       44.90               5.016308              40506              896.174386     
       45.00               5.016308              40537             1019.126844     
       45.10               5.016308              40672              883.123985     
       45.20               5.016308              40604              824.871545     
       45.30               5.016308              40551              766.204782     
       45.40               5.016308              40541              799.554793     
       45.50               5.016308              40545              921.003302     
       45.60               5.016308              40497              955.994775     
       45.70               5.016308              40518              943.007783     
       45.80               5.016308              40442              952.112700     
       45.90               5.016308              40316              998.075797     
       46.00               5.016308              40342             1008.826761     
       46.10               5.016308              40377             1061.375589     
       46.20               5.016308              40350             1130.431918     
       46.30               5.016308              40401             1138.203990     
       46.40               5.016308              40375             1098.896225     
       46.50               5.016308              40336             1041.242169     
       46.60               5.016308              40438             1020.077355     
       46.70               5.016308              40488             1091.348669     
       46.80               5.016308              40609             1121.631220     
       46.90               5.016308              40712             1044.740943     
       47.00               5.016308              40711             1069.251945     
       47.10               5.016308              40708             1119.129746     
       47.20               5.016308              40738             1049.531547     
       47.30               5.016308              40840             1122.052966     
       47.40               5.016308              40793              993.455425     
       47.50               5.016308              40861             1112.338088     
       47.60               5.016308              40965              936.353595     
       47.70               5.016308              41041              929.102521     
       47.80               5.016308              41160              907.702765     
       47.90               5.016308              41228             1077.466400     
       48.00               5.016308              41251             1168.449747     
       48.10               5.016308              41266             1171.321658     
       48.20               5.016308              41180             1025.272760     
       48.30               5.016308              41056              960.229778     
       48.40               5.016308              40896              945.125887     
       48.50               5.016308              40978             1065.083459     
       48.60               5.016308              40967              982.136177     
       48.70               5.016308              40969              974.697163     
       48.80               5.016308              40718              948.352289     
       48.90               5.016308              40721             1005.985432     
       49.00               5.016308              40658              923.941029     
       49.10               5.016308              40652             1090.205623     
       49.20               5.016308              40657             1139.568976     
       49.30               5.016308              40632             1194.114322     
       49.40               5.016308              40804             1160.238410     
       49.50               5.016308              40829             1121.700573     
       49.60               5.016308              40936             1053.645958     
       49.70               5.016308              40933             1081.839797     
       49.80               5.016308              40874             1043.967720     
       49.90               5.016308              41079             1001.553935     
       50.00               5.016308              41013             1016.920822     
       50.10               5.016308              41141              989.028865     
       50.20               5.016308              40982              841.737517     
       50.30               5.016308              40882              904.515847     
       50.40               5.016308              40782             1047.102801     
       50.50               5.016308              40761             1125.395195     
       50.60               5.016308              40815             1025.422150     
       50.70               5.016308              40829             1106.655437     
       50.80               5.016308              40772             1038.685977     
       50.90               5.016308              40673             1020.180685     
       51.00               5.016308              40563             1045.973624     
       51.10               5.016308              40561             1028.549826     
       51.20               5.016308              40569             1037.229368     
       51.30               5.016308              40625             1286.692819     
       51.40               5.016308              40658             1365.786389     
       51.50               5.016308              40597             1229.386822     
       51.60               5.016308              40593             1233.208259     
       51.70               5.016308              40768             1120.534393     
       51.80               5.016308              40949             1000.166711     
       51.90               5.016308              41074              909.295337     
       52.00               5.016308              41078              861.509791     
       52.10               5.016308              41058              890.619409     
       52.20               5.016308              40953              947.359284     
       52.30               5.016308              41069              968.456293     
       52.40               5.016308              41002             1120.890275     
       52.50               5.016308              40968             1032.432879     
       52.60               5.016308              40979             1160.899620     
       52.70               5.016308              41073             1080.152945     
       52.80               5.016308              41044             1060.496522     
       52.90               5.016308              41146             1060.004737     
       53.00               5.016308              41099             1014.190885     
       53.10               5.016308              41062              925.116080     
       53.20               5.016308              40951             1008.758464     
       53.30               5.016308              40829             1094.446819     
       53.40               5.016308              40674             1166.106615     
       53.50               5.016308              40637             1209.664493     
       53.60               5.016308              40568             1219.267426     
       53.70               5.016308              40707             1055.271289     
       53.80               5.016308              40700             1153.160494     
       53.90               5.016308              40745             1039.370436     
       54.00               5.016308              40731              935.112697     
       54.10               5.016308              40664             1074.954510     
       54.20               5.016308              40627              977.656003     
       54.30               5.016308              40713              944.925505     
       54.40               5.016308              40755              908.738862     
       54.50               5.016308              40705              919.148539     
       54.60               5.016308              40678             1156.045729     
       54.70               5.016308              40787             1134.299488     
       54.80               5.016308              40819             1086.016746     
       54.90               5.016308              40827             1125.129416     
       55.00               5.016308              40728             1168.252690     
       55.10               5.016308              40696             1172.379247     
       55.20               5.016308              40705             1163.713891     
       55.30               5.016308              40728             1031.196964     
       55.40               5.016308              40775             1002.490739     
       55.50               5.016308              40855              998.473150     
       55.60               5.016308              40912              945.340190     
       55.70               5.016308              40800              918.286422     
       55.80               5.016308              40762             1036.188436     
       55.90               5.016308              40821              950.198241     
       56.00               5.016308              40978              955.782135     
       56.10               5.016308              40848              977.442025     
       56.20               5.016308              40924              889.876072     
       56.30               5.016308              40972              873.736033     
       56.40               5.016308              40982              979.295440     
       56.50               5.016308              41001             1078.523736     
       56.60               5.016308              41035             1225.621991     
       56.70               5.016308              40874             1083.834440     
       56.80               5.016308              40767             1104.237208     
       56.90               5.016308              40691             1079.366990     
       57.00               5.016308              40598             1062.981821     
       57.10               5.016308              40732             1039.912097     
       57.20               5.016308              40763              976.035877     
       57.30               5.016308              40686              940.860552     
       57.40               5.016308              40555             1016.208666     
       57.50               5.016308              40484             1085.438025     
       57.60               5.016308              40411             1062.251150     
       57.70               5.016308              40273             1019.317711     
       57.80               5.016308              40248             1057.205426     
       57.90               5.016308              40072             1128.819943     
       58.00               5.016308              40086              987.326963     
       58.10               5.016308              40164              951.764917     
       58.20               5.016308              40237              938.179649     
       58.30               5.016308              40289             1063.809423     
       58.40               5.016308              40312             1070.254839     
       58.50               5.016308              40386             1074.436127     
       58.60               5.016308              40365             1031.647846     
       58.70               5.016308              40371              962.522379     
       58.80               5.016308              40343             1023.917628     
       58.90               5.016308              40292             1007.169793     
       59.00               5.016308              40379              964.099057     
       59.10               5.016308              40399              993.962199     
       59.20               5.016308              40375              938.558019     
       59.30               5.016308              40345              957.909190     
       59.40               5.016308              40277             1052.536698     
       59.50               5.016308              40377              926.404101     
       59.60               5.016308              40384              838.809788     
       59.70               5.016308              40330              885.899551     
       59.80               5.016308              40385              912.708207     
       59.90               5.016308              40506              942.417256     
       60.00               5.016308              40634              933.670671     
       60.10               5.016308              40640              912.126935     
       60.20               5.016308              40604              952.160877     
       60.30               5.016308              40468              788.298515     
       60.40               5.016308              40612              792.906042     
       60.50               5.016308              40629              947.375083     
       60.60               5.016308              40642              756.903562     
       60.70               5.016308              40535              726.131747     
       60.80               5.016308              40598              797.413238     
       60.90               5.016308              40607              794.719575     
       61.00               5.016308              40623              898.822555     
       61.10               5.016308              40540              908.190403     
       61.20               5.016308              40632              998.304565     
       61.30               5.016308              40565              909.735994     
       61.40               5.016308              40547              885.772296     
       61.50               5.016308              40584              811.725721     
       61.60               5.016308              40560              845.552719     
       61.70               5.016308              40532              954.284905     
       61.80               5.016308              40384             1085.698280     
       61.90               5.016308              40392             1043.905253     
       62.00               5.016308              40479              980.646786     
       62.10               5.016308              40477              850.203803     
       62.20               5.016308              40572              879.500896     
       62.30               5.016308              40523              964.048182     
       62.40               5.016308              40482              952.092253     
       62.50               5.016308              40421              913.207806     
       62.60               5.016308              40363              963.679986     
       62.70               5.016308              40352             1007.375180     
       62.80               5.016308              40259             1048.652664     
       62.90               5.016308              40306             1021.225295     
       63.00               5.016308              40297             1241.032820     
       63.10               5.016308              40357             1081.096906     
       63.20               5.016308              40323             1142.468082     
       63.30               5.016308              40415             1040.220440     
       63.40               5.016308              40530             1015.176200     
       63.50               5.016308              40413             1040.551501     
       63.60               5.016308              40482             1191.414192     
       63.70               5.016308              40495             1058.198915     
       63.80               5.016308              40513             1025.391989     
       63.90               5.016308              40366             1020.548652     
       64.00               5.016308              40249             1011.676061     
       64.10               5.016308              40272             1074.305650     
       64.20               5.016308              40287             1102.030570     
       64.30               5.016308              40271             1077.563406     
       64.40               5.016308              40191             1093.373595     
       64.50               5.016308              40120             1053.735700     
       64.60               5.016308              40010              942.661386     
       64.70               5.016308              40137             1046.983008     
       64.80               5.016308              40248             1140.242787     
       64.90               5.016308              40334             1206.257644     
       65.00               5.016308              40374             1167.654606     
       65.10               5.016308              40482             1079.054094     
       65.20               5.016308              40606             1033.236708     
       65.30               5.016308              40711             1079.636716     
       65.40               5.016308              40779              971.659082     
       65.50               5.016308              40779              921.632032     
       65.60               5.016308              40928              916.700083     
       65.70               5.016308              40829              985.854501     
       65.80               5.016308              40757             1063.116618     
       65.90               5.016308              40623             1234.762871     
       66.00               5.016308              40502             1240.978222     
       66.10               5.016308              40495             1294.719194     
       66.20               5.016308              40534             1102.822988     
       66.30               5.016308              40584             1071.845427     
       66.40               5.016308              40588             1162.744994     
       66.50               5.016308              40655             1156.548747     
       66.60               5.016308              40726             1068.075984     
       66.70               5.016308              40710             1056.060751     
       66.80               5.016308              40744              989.466935     
       66.90               5.016308              40827             1004.192099     
       67.00               5.016308              40843              879.294235     
       67.10               5.016308              40861              915.595525     
       67.20               5.016308              40757              951.553136     
       67.30               5.016308              40663             1050.514141     
       67.40               5.016308              40594             1168.840796     
       67.50               5.016308              40773             1250.562745     
       67.60               5.016308              40645             1193.195075     
       67.70               5.016308              40558             1079.241578     
       67.80               5.016308              40587              974.068295     
       67.90               5.016308              40453             1035.385157     
       68.00               5.016308              40375              915.411520     
       68.10               5.016308              40360              920.179543     
       68.20               5.016308              40224             1022.561348     
       68.30               5.016308              40288             1037.806098     
       68.40               5.016308              40372              841.250651     
       68.50               5.016308              40469              820.051521     
       68.60               5.016308              40464              920.836285     
       68.70               5.016308              40576              912.894931     
       68.80               5.016308              40561              973.546809     
       68.90               5.016308              40568              986.192666     
       69.00               5.016308              40496              986.297602     
       69.10               5.016308              40574              894.006717     
       69.20               5.016308              40714              972.449583     
       69.30               5.016308              40815              862.314120     
       69.40               5.016308              40827             1040.769996     
       69.50               5.016308              40796             1062.313208     
       69.60               5.016308              40852             1070.103013     
       69.70               5.016308              40722              971.740743     
       69.80               5.016308              40737             1023.059700     
       69.90               5.016308              40761              888.307267     
       70.00               5.016308              40698              927.164102     
       70.10               5.016308              40748             1002.512204     
       70.20               5.016308              40759             1036.694621     
       70.30               5.016308              40891              980.572086     
       70.40               5.016308              41000              865.667491     
       70.50               5.016308              41069              843.588473     
       70.60               5.016308              41129              978.358399     
       70.70               5.016308              41110              858.573623     
       70.80               5.016308              41112              944.659796     
       70.90               5.016308              41108              923.381753     
       71.00               5.016308              41161              842.217323     
       71.10               5.016308              41052              792.152115     
       71.20               5.016308              40800              856.772580     
       71.30               5.016308              40820              898.713404     
       71.40               5.016308              40755              795.480679     
       71.50               5.016308              40674              908.376391     
       71.60               5.016308              40560              884.614446     
       71.70               5.016308              40443              910.885911     
       71.80               5.016308              40491             1038.323734     
       71.90               5.016308              40506              989.183062     
       72.00               5.016308              40655             1106.214637     
       72.10               5.016308              40630             1041.672071     
       72.20               5.016308              40715             1033.044345     
       72.30               5.016308              40758              937.882358     
       72.40               5.016308              40757              883.984415     
       72.50               5.016308              40604              983.272550     
       72.60               5.016308              40579              965.083419     
       72.70               5.016308              40319              960.698603     
       72.80               5.016308              40226              877.560092     
       72.90               5.016308              40194              847.855914     
       73.00               5.016308              40144              847.900428     
       73.10               5.016308              40129              981.740090     
       73.20               5.016308              40146             1002.350664     
       73.30               5.016308              40220              935.568349     
       73.40               5.016308              40188             1134.297122     
       73.50               5.016308              40215             1044.058999     
       73.60               5.016308              40222             1007.629718     
       73.70               5.016308              40156              816.426188     
       73.80               5.016308              40141              898.718839     
       73.90               5.016308              40128              852.982647     
       74.00               5.016308              40214              773.574562     
       74.10               5.016308              40254              777.820077     
       74.20               5.016308              40312              717.915006     
       74.30               5.016308              40382              791.066724     
       74.40               5.016308              40449              795.242828     
       74.50               5.016308              40510              821.661005     
       74.60               5.016308              40526              896.720175     
       74.70               5.016308              40506              988.763192     
       74.80               5.016308              40517             1032.137199     
       74.90               5.016308              40670             1033.276633     
       75.00               5.016308              40722             1005.231376     
       75.10               5.016308              40719             1084.229536     
       75.20               5.016308              40712             1073.714536     
       75.30               5.016308              40642             1115.689103     
       75.40               5.016308              40618             1233.622232     
       75.50               5.016308              40757             1295.307452     
       75.60               5.016308              40560             1247.410912     
       75.70               5.016308              40560             1142.394720     
       75.80               5.016308              40534             1126.076179     
       75.90               5.016308              40472             1077.806339     
       76.00               5.016308              40499              976.259849     
       76.10               5.016308              40535             1062.822330     
       76.20               5.016308              40663             1125.877731     
       76.30               5.016308              40659              974.299257     
       76.40               5.016308              40685             1014.029167     
       76.50               5.016308              40585             1176.493606     
       76.60               5.016308              40407             1160.824355     
       76.70               5.016308              40474             1223.965528     
       76.80               5.016308              40435             1105.075173     
       76.90               5.016308              40426             1143.950343     
       77.00               5.016308              40366             1001.946432     
       77.10               5.016308              40276              881.734245     
       77.20               5.016308              40436              796.251235     
       77.30               5.016308              40637              761.510520     
       77.40               5.016308              40625              778.367558     
       77.50               5.016308              40568              663.234721     
       77.60               5.016308              40672              834.441045     
       77.70               5.016308              40522              720.287629     
       77.80               5.016308              40481              693.646693     
       77.90               5.016308              40545              729.801059     
       78.00               5.016308              40485              830.688541     
       78.10               5.016308              40567              865.694037     
       78.20               5.016308              40640              751.868291     
       78.30               5.016308              40653              818.690477     
       78.40               5.016308              40529             1044.957265     
       78.50               5.016308              40475             1140.724627     
       78.60               5.016308              40465             1127.970467     
       78.70               5.016308              40477             1042.030187     
       78.80               5.016308              40492             1121.297917     
       78.90               5.016308              40394             1071.366755     
       79.00               5.016308              40399              989.594777     
       79.10               5.016308              40493              967.260263     
       79.20               5.016308              40429              921.453095     
       79.30               5.016308              40411             1071.201302     
       79.40               5.016308              40400             1040.710683     
       79.50               5.016308              40186             1122.128207     
       79.60               5.016308              40244             1211.562944     
       79.70               5.016308              40410             1176.811963     
       79.80               5.016308              40604             1030.749149     
       79.90               5.016308              40662             1171.449843     
       80.00               5.016308              40782             1152.895088     
       80.10               5.016308              40750             1165.607631     
       80.20               5.016308              40760             1103.595569     
       80.30               5.016308              40700             1183.627928     
       80.40               5.016308              40723             1043.706591     
       80.50               5.016308              40726              976.618407     
       80.60               5.016308              40675              899.715374     
       80.70               5.016308              40552              836.827461     
       80.80               5.016308              40395             1098.531427     
       80.90               5.016308              40298             1211.535406     
       81.00               5.016308              40477             1226.740604     
       81.10               5.016308              40436             1109.080099     
       81.20               5.016308              40327             1081.341218     
       81.30               5.016308              40518              990.972395     
       81.40               5.016308              40563             1000.768317     
       81.50               5.016308              40287              928.873350     
       81.60               5.016308              40244              867.846808     
       81.70               5.016308              40241              923.949835     
       81.80               5.016308              40098              898.421826     
       81.90               5.016308              40049             1002.856933     
       82.00               5.016308              40012             1124.629797     
       82.10               5.016308              40096             1022.853072     
       82.20               5.016308              40217              993.243924     
       82.30               5.016308              40276             1068.458285     
       82.40               5.016308              40322             1084.835626     
       82.50               5.016308              40468              955.299072     
       82.60               5.016308              40386              966.579973     
       82.70               5.016308              40363             1107.406407     
       82.80               5.016308              40550             1161.339583     
       82.90               5.016308              40628             1086.012582     
       83.00               5.016308              40768             1076.206943     
       83.10               5.016308              40860             1088.303947     
       83.20               5.016308              40974             1150.118562     
       83.30               5.016308              40913             1234.466712     
       83.40               5.016308              40842             1217.507124     
       83.50               5.016308              40832              981.077145     
       83.60               5.016308              40831              960.739789     
       83.70               5.016308              40739              952.960948     
       83.80               5.016308              40641              865.960305     
       83.90               5.016308              40610             1044.586224     
       84.00               5.016308              40491             1051.325255     
       84.10               5.016308              40486             1040.214964     
       84.20               5.016308              40396             1081.628367     
       84.30               5.016308              40314             1167.951562     
       84.40               5.016308              40348             1108.292635     
       84.50               5.016308              40432             1069.841156     
       84.60               5.016308              40407             1022.944370     
       84.70               5.016308              40257             1029.732977     
       84.80               5.016308              40290             1007.741584     
       84.90               5.016308              40235             1129.825889     
       85.00               5.016308              40494             1217.683959     
       85.10               5.016308              40490             1140.248922     
       85.20               5.016308              40516             1112.976208     
       85.30               5.016308              40573             1184.487830     
       85.40               5.016308              40579             1208.182983     
       85.50               5.016308              40614             1179.247885     
       85.60               5.016308              40568             1118.952084     
       85.70               5.016308              40669             1008.327403     
       85.80               5.016308              40611             1030.465098     
       85.90               5.016308              40582              856.846543     
       86.00               5.016308              40494              854.480768     
       86.10               5.016308              40499              915.982300     
       86.20               5.016308              40370              970.460212     
       86.30               5.016308              40375             1009.037381     
       86.40               5.016308              40301             1009.503232     
       86.50               5.016308              40244             1066.168927     
       86.60               5.016308              40234             1103.549991     
       86.70               5.016308              40309             1062.670541     
       86.80               5.016308              40226             1115.653910     
       86.90               5.016308              40177             1158.375678     
       87.00               5.016308              40330             1134.339797     
       87.10               5.016308              40290             1034.261769     
       87.20               5.016308              40287             1005.822033     
       87.30               5.016308              40336             1062.503655     
       87.40               5.016308              40410              977.789086     
       87.50               5.016308              40294              769.728672     
       87.60               5.016308              40263              654.055303     
       87.70               5.016308              40299              723.279058     
       87.80               5.016308              40229              789.041115     
       87.90               5.016308              40195              815.290566     
       88.00               5.016308              39880              960.067600     
       88.10               5.016308              39844              959.463482     
       88.20               5.016308              39787              928.705832     
       88.30               5.016308              39803              953.302845     
       88.40               5.016308              39954             1041.379440     
       88.50               5.016308              39969             1133.388980     
       88.60               5.016308              40009             1084.915049     
       88.70               5.016308              40087             1098.831608     
       88.80               5.016308              40049             1111.178581     
       88.90               5.016308              40054             1026.726376     
       89.00               5.016308              39980             1017.155058     
       89.10               5.016308              40061              995.691914     
       89.20               5.016308              40143             1070.609280     
       89.30               5.016308              40235              903.375473     
       89.40               5.016308              40403              918.209255     
       89.50               5.016308              40434              880.852651     
       89.60               5.016308              40457              789.515280     
       89.70               5.016308              40532              965.810931     
       89.80               5.016308              40553              970.584982     
       89.90               5.016308              40657              952.470368     
       90.00               5.016308              40679              987.039969     
       90.10               5.016308              40691             1007.853013     
       90.20               5.016308              40611              918.181981     
       90.30               5.016308              40591             1029.674688     
       90.40               5.016308              40505             1074.436554     
       90.50               5.016308              40560             1164.208108     
       90.60               5.016308              40541             1133.522027     
       90.70               5.016308              40603             1120.668479     
       90.80               5.016308              40622             1101.335874     
       90.90               5.016308              40671             1011.849501     
       91.00               5.016308              40664              951.583611     
       91.10               5.016308              40656              930.949584     
       91.20               5.016308              40646              929.649965     
       91.30               5.016308              40677              863.901071     
       91.40               5.016308              40661              800.419423     
       91.50               5.016308              40627              798.942790     
       91.60               5.016308              40646              712.102922     
       91.70               5.016308              40539              802.108213     
       91.80               5.016308              40609              920.312570     
       91.90               5.016308              40631              942.360477     
       92.00               5.016308              40583              905.072568     
       92.10               5.016308              40532              890.614908     
       92.20               5.016308              40621             1042.032237     
       92.30               5.016308              40671              926.967053     
       92.40               5.016308              40814             1014.997491     
       92.50               5.016308              40713             1126.904405     
       92.60               5.016308              40672              992.010561     
       92.70               5.016308              40595              908.795325     
       92.80               5.016308              40420              730.395120     
       92.90               5.016308              40294              740.626044     
       93.00               5.016308              40195              838.367421     
       93.10               5.016308              40223             1077.090451     
       93.20               5.016308              40243              983.252642     
       93.30               5.016308              40267              961.745121     
       93.40               5.016308              40325              855.825272     
       93.50               5.016308              40321              814.838973     
       93.60               5.016308              40408              720.423422     
       93.70               5.016308              40437              739.841375     
       93.80               5.016308              40527              805.635460     
       93.90               5.016308              40558              704.120647     
       94.00               5.016308              40393              548.351944     
       94.10               5.016308              40313              638.141734     
       94.20               5.016308              40113              698.783619     
       94.30               5.016308              40014              982.647130     
       94.40               5.016308              40058             1017.425274     
       94.50               5.016308              40041             1087.761653     
       94.60               5.016308              40038             1177.624069     
       94.70               5.016308              40186             1164.000428     
       94.80               5.016308              40223             1112.875186     
       94.90               5.016308              40223             1054.336847     
       95.00               5.016308              40299             1107.590692     
       95.10               5.016308              40359             1038.438227     
       95.20               5.016308              40456             1004.900167     
       95.30               5.016308              40556              985.191473     
       95.40               5.016308              40536             1033.116655     
       95.50               5.016308              40483             1120.976507     
       95.60               5.016308              40507             1051.802997     
       95.70               5.016308              40410              967.697972     
       95.80               5.016308              40558              984.685555     
       95.90               5.016308              40644              976.150441     
       96.00               5.016308              40723              944.640205     
       96.10               5.016308              40551              972.713854     
       96.20               5.016308              40626              899.528116     
       96.30               5.016308              40652             1023.462190     
       96.40               5.016308              40565              961.246166     
       96.50               5.016308              40568              895.509185     
       96.60               5.016308              40518             1085.087007     
       96.70               5.016308              40600              933.912985     
       96.80               5.016308              40601              814.897099     
       96.90               5.016308              40447              943.343052     
       97.00               5.016308              40393              931.039749     
       97.10               5.016308              40357              797.641341     
       97.20               5.016308              40505              798.030350     
       97.30               5.016308              40476              822.889074     
       97.40               5.016308              40518              784.938611     
       97.50               5.016308              40593              826.785411     
       97.60               5.016308              40699              932.125038     
       97.70               5.016308              40660             1007.182216     
       97.80               5.016308              40517              963.422270     
       97.90               5.016308              40383              926.480032     
       98.00               5.016308              40298             1057.524276     
       98.10               5.016308              40141             1047.736539     
       98.20               5.016308              40001              994.527546     
       98.30               5.016308              39893              987.638602     
       98.40               5.016308              39991              948.775150     
       98.50               5.016308              40145             1135.787888     
       98.60               5.016308              40097             1171.394318     
       98.70               5.016308              40031             1253.466157     
       98.80               5.016308              40184             1310.656811     
       98.90               5.016308              40226             1299.037737     
       99.00               5.016308              40209             1157.227605     
       99.10               5.016308              40416              982.216707     
       99.20               5.016308              40421             1079.580903     
       99.30               5.016308              40419             1191.848464     
       99.40               5.016308              40467             1236.552425     
       99.50               5.016308              40403             1053.935061     
       99.60               5.016308              40350             1100.255501     
       99.70               5.016308              40430             1139.341833     
       99.80               5.016308              40365              882.230777     
