        tauB               sizeBin             clust_size      press_align
        0.00               5.016308              28427             3917.989210     
        0.10               5.016308              28309             3301.503446     
        0.20               5.016308              28653             2698.928780     
        0.30               5.016308              29098             2089.962739     
        0.40               5.016308              29507             1710.770139     
        0.50               5.016308              29970             1391.322029     
        0.60               5.016308              30336             1158.381931     
        0.70               5.016308              30678              904.987857     
        0.80               5.016308              31018              817.146188     
        0.90               5.016308              31310              734.594422     
        1.00               5.016308              31554              632.592269     
        1.10               5.016308              31847              598.573146     
        1.20               5.016308              32071              495.944468     
        1.30               5.016308              32299              463.249760     
        1.40               5.016308              32548              495.239462     
        1.50               5.016308              32806              460.711766     
        1.60               5.016308              33073              433.923160     
        1.70               5.016308              33303              372.113511     
        1.80               5.016308              33524              314.531642     
        1.90               5.016308              33650              306.844053     
        2.00               5.016308              33817              295.179436     
        2.10               5.016308              33831              325.605054     
        2.20               5.016308              33920              298.198461     
        2.30               5.016308              33993              351.032873     
        2.40               5.016308              34051              452.164873     
        2.50               5.016308              34096              521.309198     
        2.60               5.016308              34176              507.491914     
        2.70               5.016308              34158              502.295901     
        2.80               5.016308              34274              461.088281     
        2.90               5.016308              34293              439.619321     
        3.00               5.016308              34389              454.562081     
        3.10               5.016308              34327              459.450541     
        3.20               5.016308              34403              494.267756     
        3.30               5.016308              34343              505.089810     
        3.40               5.016308              34453              425.219822     
        3.50               5.016308              34420              366.005869     
        3.60               5.016308              34588              363.975025     
        3.70               5.016308              34593              317.049248     
        3.80               5.016308              34611              323.536800     
        3.90               5.016308              34654              448.382427     
        4.00               5.016308              34668              467.512518     
        4.10               5.016308              34654              438.050053     
        4.20               5.016308              34692              437.060239     
        4.30               5.016308              34597              474.354542     
        4.40               5.016308              34728              463.712287     
        4.50               5.016308              34841              481.240943     
        4.60               5.016308              34849              498.500502     
        4.70               5.016308              34973              548.994321     
        4.80               5.016308              34876              493.474774     
        4.90               5.016308              34854              559.229064     
        5.00               5.016308              34868              533.574302     
        5.10               5.016308              35032              445.198840     
        5.20               5.016308              35125              498.368372     
        5.30               5.016308              35070              438.353959     
        5.40               5.016308              35073              383.242601     
        5.50               5.016308              35231              406.993774     
        5.60               5.016308              35229              508.679139     
        5.70               5.016308              35230              546.577423     
        5.80               5.016308              35360              564.427045     
        5.90               5.016308              35289              593.161520     
        6.00               5.016308              35023              577.395013     
        6.10               5.016308              34959              552.499722     
        6.20               5.016308              35031              517.400920     
        6.30               5.016308              34951              452.300899     
        6.40               5.016308              35050              450.772249     
        6.50               5.016308              34968              481.606030     
        6.60               5.016308              35130              382.545147     
        6.70               5.016308              35181              327.303729     
        6.80               5.016308              35295              423.943265     
        6.90               5.016308              35340              354.087277     
        7.00               5.016308              35350              504.070185     
        7.10               5.016308              35362              495.618567     
        7.20               5.016308              35374              408.128606     
        7.30               5.016308              35381              379.385623     
        7.40               5.016308              35360              307.880247     
        7.50               5.016308              35516              295.549593     
        7.60               5.016308              35425              369.914510     
        7.70               5.016308              35479              420.142436     
        7.80               5.016308              35449              322.202956     
        7.90               5.016308              35479              384.086309     
        8.00               5.016308              35397              398.758973     
        8.10               5.016308              35337              420.384555     
        8.20               5.016308              35343              470.245471     
        8.30               5.016308              35399              460.045925     
        8.40               5.016308              35473              427.193345     
        8.50               5.016308              35572              399.079638     
        8.60               5.016308              35652              406.899407     
        8.70               5.016308              35750              374.702829     
        8.80               5.016308              35828              479.543940     
        8.90               5.016308              35839              443.787808     
        9.00               5.016308              35982              398.852122     
        9.10               5.016308              36063              447.129137     
        9.20               5.016308              36091              458.140941     
        9.30               5.016308              36184              430.650870     
        9.40               5.016308              36156              448.402854     
        9.50               5.016308              36146              367.104288     
        9.60               5.016308              36083              301.322854     
        9.70               5.016308              36069              263.151573     
        9.80               5.016308              36041              258.229741     
        9.90               5.016308              35982              334.725361     
       10.00               5.016308              35943              343.330763     
       10.10               5.016308              35945              356.602759     
       10.20               5.016308              36019              355.596315     
       10.30               5.016308              35985              364.050578     
       10.40               5.016308              36156              331.639085     
       10.50               5.016308              36029              353.444994     
       10.60               5.016308              36059              317.083975     
       10.70               5.016308              35932              419.491450     
       10.80               5.016308              35962              419.114774     
       10.90               5.016308              36064              329.474511     
       11.00               5.016308              36042              353.484220     
       11.10               5.016308              36163              300.840947     
       11.20               5.016308              36181              359.667779     
       11.30               5.016308              36314              283.325335     
       11.40               5.016308              36311              326.711340     
       11.50               5.016308              36322              359.381949     
       11.60               5.016308              36212              459.052309     
       11.70               5.016308              36181              474.783999     
       11.80               5.016308              36150              464.958185     
       11.90               5.016308              36183              463.492098     
       12.00               5.016308              36195              465.544121     
       12.10               5.016308              36273              423.209280     
       12.20               5.016308              36345              364.442250     
       12.30               5.016308              36408              429.008982     
       12.40               5.016308              36405              439.804699     
       12.50               5.016308              36425              442.472881     
       12.60               5.016308              36242              459.841417     
       12.70               5.016308              36263              447.984480     
       12.80               5.016308              36204              383.046094     
       12.90               5.016308              36310              360.911938     
       13.00               5.016308              36318              345.642637     
       13.10               5.016308              36207              441.892036     
       13.20               5.016308              36200              400.610980     
       13.30               5.016308              36229              435.361954     
       13.40               5.016308              36320              381.388891     
       13.50               5.016308              36388              333.154622     
       13.60               5.016308              36445              366.479564     
       13.70               5.016308              36343              370.075436     
       13.80               5.016308              36272              231.007144     
       13.90               5.016308              36164              271.544184     
       14.00               5.016308              36122              234.173395     
       14.10               5.016308              36295              156.186281     
       14.20               5.016308              36091              224.143909     
       14.30               5.016308              35943              241.708526     
       14.40               5.016308              35941              289.500488     
       14.50               5.016308              35964              347.676388     
       14.60               5.016308              35863              395.166665     
       14.70               5.016308              35884              452.463128     
       14.80               5.016308              35891              471.686001     
       14.90               5.016308              35974              423.955859     
       15.00               5.016308              36022              384.007403     
       15.10               5.016308              35955              303.903952     
       15.20               5.016308              36057              330.295301     
       15.30               5.016308              35970              434.090295     
       15.40               5.016308              35953              446.995093     
       15.50               5.016308              36033              527.758121     
       15.60               5.016308              35969              524.123293     
       15.70               5.016308              36079              474.072175     
       15.80               5.016308              36144              359.682866     
       15.90               5.016308              35862              337.565612     
       16.00               5.016308              35728              396.040599     
       16.10               5.016308              35648              364.125116     
       16.20               5.016308              35658              392.341307     
       16.30               5.016308              35829              371.072851     
       16.40               5.016308              35823              371.330470     
       16.50               5.016308              35993              409.856345     
       16.60               5.016308              35891              377.900608     
       16.70               5.016308              36015              395.349243     
       16.80               5.016308              36077              397.888847     
       16.90               5.016308              36045              412.433843     
       17.00               5.016308              36147              390.714674     
       17.10               5.016308              36164              361.980578     
       17.20               5.016308              36133              376.120614     
       17.30               5.016308              36063              317.537700     
       17.40               5.016308              36151              376.272715     
       17.50               5.016308              35996              330.720388     
       17.60               5.016308              35901              333.898306     
       17.70               5.016308              36011              314.517590     
       17.80               5.016308              35992              348.701709     
       17.90               5.016308              36187              339.308084     
       18.00               5.016308              36123              387.738394     
       18.10               5.016308              36022              448.042591     
       18.20               5.016308              35969              385.155627     
       18.30               5.016308              35972              364.232030     
       18.40               5.016308              35946              367.500032     
       18.50               5.016308              35885              419.398526     
       18.60               5.016308              35911              421.601558     
       18.70               5.016308              35860              351.631031     
       18.80               5.016308              35858              439.354180     
       18.90               5.016308              35837              389.561694     
       19.00               5.016308              35960              461.096477     
       19.10               5.016308              35884              412.402122     
       19.20               5.016308              35959              410.977237     
       19.30               5.016308              35870              389.275686     
       19.40               5.016308              35933              441.601135     
       19.50               5.016308              36003              485.631250     
       19.60               5.016308              36076              491.137141     
       19.70               5.016308              36075              475.034637     
       19.80               5.016308              36128              429.771420     
       19.90               5.016308              36029              500.129974     
       20.00               5.016308              36149              460.871023     
       20.10               5.016308              36166              419.699476     
       20.20               5.016308              36148              400.315203     
       20.30               5.016308              36196              412.083044     
       20.40               5.016308              36187              425.068999     
       20.50               5.016308              36267              381.036100     
       20.60               5.016308              36153              342.618818     
       20.70               5.016308              36272              334.589701     
       20.80               5.016308              36137              410.375311     
       20.90               5.016308              36186              385.131339     
       21.00               5.016308              36163              313.578645     
       21.10               5.016308              36174              315.009841     
       21.20               5.016308              36080              324.318220     
       21.30               5.016308              36176              347.855693     
       21.40               5.016308              36172              397.030668     
       21.50               5.016308              36037              395.860346     
       21.60               5.016308              36149              329.170915     
       21.70               5.016308              36005              312.883015     
       21.80               5.016308              35998              296.459780     
       21.90               5.016308              35977              256.524696     
       22.00               5.016308              35946              299.309161     
       22.10               5.016308              35955              378.283716     
       22.20               5.016308              36072              348.720459     
       22.30               5.016308              35911              463.449955     
       22.40               5.016308              35777              464.440104     
       22.50               5.016308              35731              452.646259     
       22.60               5.016308              35717              464.619392     
       22.70               5.016308              35718              499.072822     
       22.80               5.016308              35738              474.645309     
       22.90               5.016308              35813              463.881655     
       23.00               5.016308              35691              454.761347     
       23.10               5.016308              35726              395.507966     
       23.20               5.016308              35785              448.298201     
       23.30               5.016308              35635              473.163554     
       23.40               5.016308              35673              426.083675     
       23.50               5.016308              35714              385.365274     
       23.60               5.016308              35775              474.243493     
       23.70               5.016308              35740              423.694522     
       23.80               5.016308              35748              436.590768     
       23.90               5.016308              35826              426.355402     
       24.00               5.016308              35754              448.331152     
       24.10               5.016308              35668              364.786638     
       24.20               5.016308              35600              398.013193     
       24.30               5.016308              35633              336.411725     
       24.40               5.016308              35540              331.600137     
       24.50               5.016308              35571              364.650168     
       24.60               5.016308              35581              302.734999     
       24.70               5.016308              35706              390.657420     
       24.80               5.016308              35716              463.725147     
       24.90               5.016308              35760              466.786346     
       25.00               5.016308              35803              404.845887     
       25.10               5.016308              35857              315.702064     
       25.20               5.016308              35712              344.982501     
       25.30               5.016308              35822              394.077748     
       25.40               5.016308              35825              414.478736     
       25.50               5.016308              35837              445.469360     
       25.60               5.016308              35885              462.248612     
       25.70               5.016308              35979              471.176391     
       25.80               5.016308              36060              488.468128     
       25.90               5.016308              36154              423.609226     
       26.00               5.016308              36172              466.635308     
       26.10               5.016308              36225              367.079392     
       26.20               5.016308              36219              443.791114     
       26.30               5.016308              36154              378.989743     
       26.40               5.016308              36033              418.190103     
       26.50               5.016308              35919              454.751886     
       26.60               5.016308              35953              475.821039     
       26.70               5.016308              35760              478.679019     
       26.80               5.016308              35721              478.101232     
       26.90               5.016308              35593              457.660896     
       27.00               5.016308              35497              390.613341     
       27.10               5.016308              35434              372.331921     
       27.20               5.016308              35353              348.757475     
       27.30               5.016308              35282              371.152394     
       27.40               5.016308              35478              349.110493     
       27.50               5.016308              35457              365.946826     
       27.60               5.016308              35535              396.747888     
       27.70               5.016308              35544              434.320789     
       27.80               5.016308              35550              483.268704     
       27.90               5.016308              35602              445.441269     
       28.00               5.016308              35647              364.271805     
       28.10               5.016308              35658              441.686748     
       28.20               5.016308              35539              437.858050     
       28.30               5.016308              35733              435.121877     
       28.40               5.016308              35690              520.987759     
       28.50               5.016308              35811              478.892810     
       28.60               5.016308              35781              472.748362     
       28.70               5.016308              35947              460.781276     
       28.80               5.016308              35951              424.035035     
       28.90               5.016308              35928              419.228060     
       29.00               5.016308              36060              422.987260     
       29.10               5.016308              36056              405.892512     
       29.20               5.016308              35873              420.127724     
       29.30               5.016308              35912              487.746351     
       29.40               5.016308              35748              481.636448     
       29.50               5.016308              35804              473.816440     
       29.60               5.016308              35852              484.044717     
       29.70               5.016308              35868              448.598118     
       29.80               5.016308              35909              472.503806     
       29.90               5.016308              36021              503.113360     
       30.00               5.016308              35968              525.376689     
       30.10               5.016308              35962              510.522694     
       30.20               5.016308              35863              502.432422     
       30.30               5.016308              35802              464.745490     
       30.40               5.016308              35911              432.929861     
       30.50               5.016308              35991              500.158304     
       30.60               5.016308              35980              453.549066     
       30.70               5.016308              36042              413.300901     
       30.80               5.016308              36014              491.866659     
       30.90               5.016308              35939              461.581985     
       31.00               5.016308              36163              358.712633     
       31.10               5.016308              36154              406.652437     
       31.20               5.016308              36131              382.849552     
       31.30               5.016308              36219              359.173154     
       31.40               5.016308              36345              440.510704     
       31.50               5.016308              36304              412.606665     
       31.60               5.016308              36318              396.277195     
       31.70               5.016308              36207              339.484553     
       31.80               5.016308              36134              418.342433     
       31.90               5.016308              36089              378.180323     
       32.00               5.016308              36120              401.601278     
       32.10               5.016308              36148              446.025662     
       32.20               5.016308              35954              428.441804     
       32.30               5.016308              36092              443.496524     
       32.40               5.016308              36147              396.942893     
       32.50               5.016308              36003              347.274935     
       32.60               5.016308              36086              358.219925     
       32.70               5.016308              36134              369.356586     
       32.80               5.016308              35995              483.229912     
       32.90               5.016308              35975              426.626174     
       33.00               5.016308              35942              421.147566     
       33.10               5.016308              35904              388.738690     
       33.20               5.016308              35884              437.501047     
       33.30               5.016308              36047              443.091100     
       33.40               5.016308              36135              463.779153     
       33.50               5.016308              36070              444.351353     
       33.60               5.016308              36005              431.226094     
       33.70               5.016308              36049              445.618317     
       33.80               5.016308              36195              492.537387     
       33.90               5.016308              36316              391.994436     
       34.00               5.016308              36255              482.629619     
       34.10               5.016308              36228              416.678480     
       34.20               5.016308              36317              384.114550     
       34.30               5.016308              36344              441.528371     
       34.40               5.016308              36431              492.938983     
       34.50               5.016308              36485              469.742351     
       34.60               5.016308              36427              385.952227     
       34.70               5.016308              36480              391.830666     
       34.80               5.016308              36456              323.070843     
       34.90               5.016308              36276              373.509050     
       35.00               5.016308              36267              367.011536     
       35.10               5.016308              36146              351.330855     
       35.20               5.016308              36049              331.986216     
       35.30               5.016308              36041              359.698234     
       35.40               5.016308              36026              380.636368     
       35.50               5.016308              36010              319.823094     
       35.60               5.016308              35987              354.023283     
       35.70               5.016308              35831              408.517269     
       35.80               5.016308              35812              439.055066     
       35.90               5.016308              35739              416.104149     
       36.00               5.016308              35743              361.115863     
       36.10               5.016308              35657              342.212868     
       36.20               5.016308              35690              354.255812     
       36.30               5.016308              35703              375.417622     
       36.40               5.016308              35524              384.304173     
       36.50               5.016308              35423              395.946928     
       36.60               5.016308              35369              435.366018     
       36.70               5.016308              35405              433.969561     
       36.80               5.016308              35415              398.189751     
       36.90               5.016308              35555              409.526221     
       37.00               5.016308              35474              425.037228     
       37.10               5.016308              35511              358.990632     
       37.20               5.016308              35552              389.266314     
       37.30               5.016308              35555              381.418112     
       37.40               5.016308              35569              385.395561     
       37.50               5.016308              35504              402.700457     
       37.60               5.016308              35546              404.110964     
       37.70               5.016308              35487              322.222857     
       37.80               5.016308              35474              305.993809     
       37.90               5.016308              35439              374.077204     
       38.00               5.016308              35490              345.688511     
       38.10               5.016308              35562              391.402277     
       38.20               5.016308              35600              395.303553     
       38.30               5.016308              35612              359.970452     
       38.40               5.016308              35630              455.602655     
       38.50               5.016308              35578              440.406992     
       38.60               5.016308              35686              405.632867     
       38.70               5.016308              35642              346.688047     
       38.80               5.016308              35714              387.835740     
       38.90               5.016308              35629              292.046376     
       39.00               5.016308              35552              279.200715     
       39.10               5.016308              35477              261.858035     
       39.20               5.016308              35443              335.106592     
       39.30               5.016308              35359              337.883544     
       39.40               5.016308              35414              381.904558     
       39.50               5.016308              35427              418.940348     
       39.60               5.016308              35503              475.307370     
       39.70               5.016308              35384              373.347195     
       39.80               5.016308              35405              443.163031     
       39.90               5.016308              35167              432.817526     
       40.00               5.016308              35204              407.284719     
       40.10               5.016308              35160              324.774835     
       40.20               5.016308              35117              329.764423     
       40.30               5.016308              35204              383.853237     
       40.40               5.016308              35198              385.279988     
       40.50               5.016308              34994              431.375638     
       40.60               5.016308              35190              455.746610     
       40.70               5.016308              35198              416.156860     
       40.80               5.016308              35162              384.862068     
       40.90               5.016308              35059              367.363240     
       41.00               5.016308              35144              366.375658     
       41.10               5.016308              34898              404.595760     
       41.20               5.016308              35105              451.441913     
       41.30               5.016308              35156              447.073344     
       41.40               5.016308              35157              414.113175     
       41.50               5.016308              35243              445.361969     
       41.60               5.016308              35472              530.731062     
       41.70               5.016308              35427              556.528463     
       41.80               5.016308              35356              680.785510     
       41.90               5.016308              35342              551.422583     
       42.00               5.016308              35407              623.172947     
       42.10               5.016308              35423              609.008078     
       42.20               5.016308              35282              600.497055     
       42.30               5.016308              35239              526.954731     
       42.40               5.016308              35164              419.099341     
       42.50               5.016308              35137              449.003497     
       42.60               5.016308              35113              454.415993     
       42.70               5.016308              35068              422.777132     
       42.80               5.016308              35097              502.667978     
       42.90               5.016308              35104              503.919663     
       43.00               5.016308              35137              536.782307     
       43.10               5.016308              35265              531.184122     
       43.20               5.016308              35280              534.899861     
       43.30               5.016308              35301              471.206708     
       43.40               5.016308              35248              384.848959     
       43.50               5.016308              35239              376.832011     
       43.60               5.016308              35124              432.568072     
       43.70               5.016308              35078              399.052715     
       43.80               5.016308              35096              426.520276     
       43.90               5.016308              35051              531.546814     
       44.00               5.016308              35127              520.358066     
       44.10               5.016308              35114              473.100195     
       44.20               5.016308              35084              485.764445     
       44.30               5.016308              35106              499.005762     
       44.40               5.016308              35026              518.630264     
       44.50               5.016308              34881              516.018432     
       44.60               5.016308              34934              490.410842     
       44.70               5.016308              34870              430.049068     
       44.80               5.016308              34713              390.845048     
       44.90               5.016308              34601              366.138147     
       45.00               5.016308              34607              371.642346     
       45.10               5.016308              34623              435.035204     
       45.20               5.016308              34709              472.566256     
       45.30               5.016308              34671              430.741848     
       45.40               5.016308              34648              442.720526     
       45.50               5.016308              34561              426.653616     
       45.60               5.016308              34576              427.251789     
       45.70               5.016308              34522              417.670509     
       45.80               5.016308              34606              441.866470     
       45.90               5.016308              34791              386.987745     
       46.00               5.016308              34941              434.157885     
       46.10               5.016308              34919              412.085097     
       46.20               5.016308              34995              320.376302     
       46.30               5.016308              34958              258.402219     
       46.40               5.016308              35043              281.173408     
       46.50               5.016308              35067              349.329150     
       46.60               5.016308              35092              414.847637     
       46.70               5.016308              35140              349.259521     
       46.80               5.016308              35261              435.542241     
       46.90               5.016308              35139              429.436752     
       47.00               5.016308              35296              412.666352     
       47.10               5.016308              35296              451.136922     
       47.20               5.016308              35365              467.615010     
       47.30               5.016308              35302              399.159752     
       47.40               5.016308              35406              437.211386     
       47.50               5.016308              35327              487.588494     
       47.60               5.016308              35412              409.153729     
       47.70               5.016308              35560              425.384709     
       47.80               5.016308              35550              409.664014     
       47.90               5.016308              35630              482.223343     
       48.00               5.016308              35620              470.032600     
       48.10               5.016308              35538              555.964952     
       48.20               5.016308              35626              534.654346     
       48.30               5.016308              35671              505.011576     
       48.40               5.016308              35769              569.546235     
       48.50               5.016308              35697              487.701044     
       48.60               5.016308              35634              439.885344     
       48.70               5.016308              35602              476.911325     
       48.80               5.016308              35597              454.580145     
       48.90               5.016308              35736              497.994323     
       49.00               5.016308              35693              424.608165     
       49.10               5.016308              35586              421.478138     
       49.20               5.016308              35586              347.301470     
       49.30               5.016308              35491              430.949502     
       49.40               5.016308              35563              409.061551     
       49.50               5.016308              35525              384.600940     
       49.60               5.016308              35680              330.082698     
       49.70               5.016308              35644              385.885326     
       49.80               5.016308              35576              460.913036     
       49.90               5.016308              35493              388.213827     
       50.00               5.016308              35646              366.112612     
       50.10               5.016308              35579              395.407476     
       50.20               5.016308              35668              432.565782     
       50.30               5.016308              35673              417.925896     
       50.40               5.016308              35561              372.543657     
       50.50               5.016308              35540              357.348626     
       50.60               5.016308              35433              420.966279     
       50.70               5.016308              35387              435.468902     
       50.80               5.016308              35413              509.723081     
       50.90               5.016308              35523              444.362073     
       51.00               5.016308              35531              457.454025     
       51.10               5.016308              35552              465.529621     
       51.20               5.016308              35541              378.208138     
       51.30               5.016308              35656              399.008051     
       51.40               5.016308              35647              373.393758     
       51.50               5.016308              35505              336.620604     
       51.60               5.016308              35586              356.505149     
       51.70               5.016308              35527              366.218305     
       51.80               5.016308              35509              386.342343     
       51.90               5.016308              35547              465.627477     
       52.00               5.016308              35560              445.494816     
       52.10               5.016308              35413              404.244273     
       52.20               5.016308              35471              397.502441     
       52.30               5.016308              35420              373.168745     
       52.40               5.016308              35454              351.490646     
       52.50               5.016308              35398              334.913666     
       52.60               5.016308              35420              277.448097     
       52.70               5.016308              35465              246.195713     
       52.80               5.016308              35527              322.092286     
       52.90               5.016308              35586              234.702373     
       53.00               5.016308              35575              240.175848     
       53.10               5.016308              35578              158.611087     
       53.20               5.016308              35530              321.025712     
       53.30               5.016308              35483              275.205414     
       53.40               5.016308              35562              279.136635     
       53.50               5.016308              35479              356.739191     
       53.60               5.016308              35451              448.779654     
       53.70               5.016308              35498              356.518301     
       53.80               5.016308              35501              380.032754     
       53.90               5.016308              35366              361.389143     
       54.00               5.016308              35244              288.354038     
       54.10               5.016308              35393              306.336608     
       54.20               5.016308              35326              340.951020     
       54.30               5.016308              35332              341.921648     
       54.40               5.016308              35252              403.212339     
       54.50               5.016308              35458              457.712502     
       54.60               5.016308              35484              305.546633     
       54.70               5.016308              35443              376.048643     
       54.80               5.016308              35417              448.876218     
       54.90               5.016308              35273              450.789581     
       55.00               5.016308              35317              451.053095     
       55.10               5.016308              35446              426.423536     
       55.20               5.016308              35496              438.850346     
       55.30               5.016308              35396              493.110568     
       55.40               5.016308              35317              540.572542     
       55.50               5.016308              35132              413.224547     
       55.60               5.016308              35170              442.906354     
       55.70               5.016308              35172              412.830890     
       55.80               5.016308              35185              409.985483     
       55.90               5.016308              35108              363.612598     
       56.00               5.016308              34917              410.527331     
       56.10               5.016308              34874              427.364233     
       56.20               5.016308              34899              333.206965     
       56.30               5.016308              34872              371.547372     
       56.40               5.016308              34911              383.383893     
       56.50               5.016308              35104              394.778485     
       56.60               5.016308              35082              378.437920     
       56.70               5.016308              34997              386.508024     
       56.80               5.016308              34964              433.184472     
       56.90               5.016308              35024              396.379027     
       57.00               5.016308              35113              489.822640     
       57.10               5.016308              35118              543.048865     
       57.20               5.016308              35113              491.149931     
       57.30               5.016308              35212              492.311909     
       57.40               5.016308              35322              486.957508     
       57.50               5.016308              35287              443.557403     
       57.60               5.016308              35305              421.316987     
       57.70               5.016308              35282              385.193465     
       57.80               5.016308              35334              353.460257     
       57.90               5.016308              35425              412.527487     
       58.00               5.016308              35467              386.357540     
       58.10               5.016308              35459              383.822489     
       58.20               5.016308              35436              403.971251     
       58.30               5.016308              35524              477.659038     
       58.40               5.016308              35446              392.670057     
       58.50               5.016308              35528              488.734605     
       58.60               5.016308              35580              475.177497     
       58.70               5.016308              35530              413.165415     
       58.80               5.016308              35670              405.537278     
       58.90               5.016308              35676              456.943700     
       59.00               5.016308              35675              308.376931     
       59.10               5.016308              35665              308.445349     
       59.20               5.016308              35644              355.493997     
       59.30               5.016308              35659              439.093504     
       59.40               5.016308              35695              395.716510     
       59.50               5.016308              35695              480.973215     
       59.60               5.016308              35783              463.978257     
       59.70               5.016308              35685              456.958321     
       59.80               5.016308              35765              516.929462     
       59.90               5.016308              35774              504.713178     
       60.00               5.016308              35779              486.117408     
       60.10               5.016308              35838              507.214184     
       60.20               5.016308              35908              411.146988     
       60.30               5.016308              35874              402.043283     
       60.40               5.016308              35816              248.687697     
       60.50               5.016308              35696              264.916979     
       60.60               5.016308              35616              326.430712     
       60.70               5.016308              35559              455.744056     
       60.80               5.016308              35593              465.571047     
       60.90               5.016308              35517              430.783512     
       61.00               5.016308              35508              412.303526     
       61.10               5.016308              35551              383.993167     
       61.20               5.016308              35586              402.256605     
       61.30               5.016308              35591              312.983969     
       61.40               5.016308              35653              406.942500     
       61.50               5.016308              35585              387.059375     
       61.60               5.016308              35705              405.471520     
       61.70               5.016308              35498              438.061372     
       61.80               5.016308              35515              438.937988     
       61.90               5.016308              35503              357.028018     
       62.00               5.016308              35561              382.745285     
       62.10               5.016308              35436              307.221250     
       62.20               5.016308              35455              351.687306     
       62.30               5.016308              35422              400.639341     
       62.40               5.016308              35295              450.725971     
       62.50               5.016308              35341              453.603864     
       62.60               5.016308              35496              398.009805     
       62.70               5.016308              35518              470.755079     
       62.80               5.016308              35628              362.516832     
       62.90               5.016308              35670              425.066968     
       63.00               5.016308              35608              320.063827     
       63.10               5.016308              35536              356.342449     
       63.20               5.016308              35523              363.921282     
       63.30               5.016308              35674              422.540576     
       63.40               5.016308              35668              352.816437     
       63.50               5.016308              35732              406.365633     
       63.60               5.016308              35733              392.707205     
       63.70               5.016308              35796              370.872815     
       63.80               5.016308              35753              438.785403     
       63.90               5.016308              35509              485.399408     
       64.00               5.016308              35605              440.997456     
       64.10               5.016308              35489              477.607473     
       64.20               5.016308              35522              444.821976     
       64.30               5.016308              35514              398.676838     
       64.40               5.016308              35625              427.731791     
       64.50               5.016308              35558              443.568514     
       64.60               5.016308              35742              377.050756     
       64.70               5.016308              35801              424.953099     
       64.80               5.016308              35856              429.563815     
       64.90               5.016308              35791              407.487218     
       65.00               5.016308              35751              382.861772     
       65.10               5.016308              35637              331.051611     
       65.20               5.016308              35738              343.043523     
       65.30               5.016308              35594              331.518778     
       65.40               5.016308              35594              383.869098     
       65.50               5.016308              35583              351.953232     
       65.60               5.016308              35709              407.654788     
       65.70               5.016308              35719              391.226793     
       65.80               5.016308              35850              364.063871     
       65.90               5.016308              35894              346.922532     
       66.00               5.016308              35825              391.045787     
       66.10               5.016308              35802              371.079833     
       66.20               5.016308              35810              393.207364     
       66.30               5.016308              35793              375.314172     
       66.40               5.016308              35661              392.348224     
       66.50               5.016308              35648              397.371580     
       66.60               5.016308              35636              360.329752     
       66.70               5.016308              35542              389.149577     
       66.80               5.016308              35440              411.165441     
       66.90               5.016308              35402              374.592320     
       67.00               5.016308              35394              397.361432     
       67.10               5.016308              35529              447.712382     
       67.20               5.016308              35629              399.153663     
       67.30               5.016308              35687              421.715107     
       67.40               5.016308              35664              389.645865     
       67.50               5.016308              35621              336.143313     
       67.60               5.016308              35583              318.415709     
       67.70               5.016308              35643              319.070868     
       67.80               5.016308              35712              362.055383     
       67.90               5.016308              35719              475.989136     
       68.00               5.016308              35787              508.898941     
       68.10               5.016308              35642              545.017070     
       68.20               5.016308              35596              483.692873     
       68.30               5.016308              35683              383.082616     
       68.40               5.016308              35658              393.281432     
       68.50               5.016308              35771              454.138743     
       68.60               5.016308              35928              440.089122     
       68.70               5.016308              35895              474.551757     
       68.80               5.016308              35979              436.654322     
       68.90               5.016308              36047              432.073667     
       69.00               5.016308              35985              474.084091     
       69.10               5.016308              36032              502.112574     
       69.20               5.016308              36001              450.301422     
       69.30               5.016308              36029              458.833997     
       69.40               5.016308              35983              374.822115     
       69.50               5.016308              36013              367.412429     
       69.60               5.016308              36038              312.974333     
       69.70               5.016308              36190              319.177421     
       69.80               5.016308              36120              319.124059     
       69.90               5.016308              36154              355.433028     
       70.00               5.016308              36196              356.663277     
       70.10               5.016308              36121              363.019972     
       70.20               5.016308              35999              395.309481     
       70.30               5.016308              36063              387.059365     
       70.40               5.016308              36153              426.117219     
       70.50               5.016308              36111              383.775966     
       70.60               5.016308              35939              407.802663     
       70.70               5.016308              35996              259.177186     
       70.80               5.016308              35959              359.614076     
       70.90               5.016308              36142              328.055167     
       71.00               5.016308              36199              341.048493     
       71.10               5.016308              36270              348.692832     
       71.20               5.016308              36425              346.021920     
       71.30               5.016308              36374              380.984139     
       71.40               5.016308              36311              431.398599     
       71.50               5.016308              36339              469.744007     
       71.60               5.016308              36402              416.787011     
       71.70               5.016308              36306              395.587498     
       71.80               5.016308              36264              310.427637     
       71.90               5.016308              36327              352.578864     
       72.00               5.016308              36219              371.249428     
       72.10               5.016308              36256              377.918833     
       72.20               5.016308              36214              373.712842     
       72.30               5.016308              36284              392.859580     
       72.40               5.016308              36313              395.467346     
       72.50               5.016308              36336              372.669753     
       72.60               5.016308              36280              343.899007     
       72.70               5.016308              36301              358.994237     
       72.80               5.016308              36211              323.076007     
       72.90               5.016308              36254              385.453395     
       73.00               5.016308              36299              430.102576     
       73.10               5.016308              36327              391.391030     
       73.20               5.016308              36393              428.560576     
       73.30               5.016308              36315              442.896107     
       73.40               5.016308              36392              461.741864     
       73.50               5.016308              36386              396.101107     
       73.60               5.016308              36424              450.388089     
       73.70               5.016308              36485              470.796827     
       73.80               5.016308              36472              465.647518     
       73.90               5.016308              36445              461.338697     
       74.00               5.016308              36388              520.749063     
       74.10               5.016308              36261              508.981212     
       74.20               5.016308              36269              470.161393     
       74.30               5.016308              36292              423.142214     
       74.40               5.016308              36104              357.122139     
       74.50               5.016308              36161              382.152341     
       74.60               5.016308              36197              378.181285     
       74.70               5.016308              36156              395.910600     
       74.80               5.016308              36158              395.288124     
       74.90               5.016308              36279              411.943354     
       75.00               5.016308              36162              455.814600     
       75.10               5.016308              36099              463.851217     
       75.20               5.016308              36092              479.897597     
       75.30               5.016308              36046              499.861182     
       75.40               5.016308              36039              453.212236     
       75.50               5.016308              36058              418.928963     
       75.60               5.016308              35993              391.950809     
       75.70               5.016308              36008              403.747831     
       75.80               5.016308              36020              397.933979     
       75.90               5.016308              36091              424.184823     
       76.00               5.016308              36036              491.802401     
       76.10               5.016308              36132              443.508697     
       76.20               5.016308              36214              449.896182     
       76.30               5.016308              36166              456.446745     
       76.40               5.016308              36084              456.324548     
       76.50               5.016308              36143              488.537687     
       76.60               5.016308              36077              443.756509     
       76.70               5.016308              35952              436.426488     
       76.80               5.016308              35788              424.646622     
       76.90               5.016308              35770              428.576482     
       77.00               5.016308              35696              427.305190     
       77.10               5.016308              35722              371.414658     
       77.20               5.016308              35667              324.978062     
       77.30               5.016308              35569              398.436028     
       77.40               5.016308              35404              371.768852     
       77.50               5.016308              35283              395.476841     
       77.60               5.016308              35446              432.721695     
       77.70               5.016308              35485              337.305014     
       77.80               5.016308              35397              365.769786     
       77.90               5.016308              35573              420.465092     
       78.00               5.016308              35609              401.689801     
       78.10               5.016308              35582              377.881642     
       78.20               5.016308              35476              447.711230     
       78.30               5.016308              35413              460.708834     
       78.40               5.016308              35430              418.443865     
       78.50               5.016308              35612              403.694027     
       78.60               5.016308              35487              410.296994     
       78.70               5.016308              35412              443.129209     
       78.80               5.016308              35443              372.249806     
       78.90               5.016308              35545              343.698275     
       79.00               5.016308              35507              328.408355     
       79.10               5.016308              35513              393.366808     
       79.20               5.016308              35458              364.314275     
       79.30               5.016308              35458              362.886790     
       79.40               5.016308              35726              345.336634     
       79.50               5.016308              35685              376.404661     
       79.60               5.016308              35688              300.332263     
       79.70               5.016308              35752              328.885523     
       79.80               5.016308              35864              366.047651     
       79.90               5.016308              35903              354.141372     
       80.00               5.016308              35897              426.937548     
       80.10               5.016308              35971              477.497774     
       80.20               5.016308              35855              471.127816     
       80.30               5.016308              35989              475.213074     
       80.40               5.016308              35983              475.885436     
       80.50               5.016308              35868              480.053562     
       80.60               5.016308              35826              423.840550     
       80.70               5.016308              35773              447.297045     
       80.80               5.016308              35740              383.551746     
       80.90               5.016308              35767              408.676297     
       81.00               5.016308              35729              466.056550     
       81.10               5.016308              35722              401.748100     
       81.20               5.016308              35833              363.098846     
       81.30               5.016308              35763              358.003385     
       81.40               5.016308              35804              281.811753     
       81.50               5.016308              35983              342.939040     
       81.60               5.016308              35978              260.575061     
       81.70               5.016308              36002              324.712757     
       81.80               5.016308              36013              408.849867     
       81.90               5.016308              36209              463.294186     
       82.00               5.016308              36155              467.072152     
       82.10               5.016308              36274              447.897179     
       82.20               5.016308              36225              429.542539     
       82.30               5.016308              36163              353.481429     
       82.40               5.016308              36208              375.976443     
       82.50               5.016308              36118              305.971136     
       82.60               5.016308              36005              270.752121     
       82.70               5.016308              35987              317.667583     
       82.80               5.016308              36103              324.315373     
       82.90               5.016308              36005              320.477742     
       83.00               5.016308              35995              317.050554     
       83.10               5.016308              36002              351.965454     
       83.20               5.016308              35990              302.067348     
       83.30               5.016308              35933              203.744082     
       83.40               5.016308              35877              216.848478     
       83.50               5.016308              35882              234.348993     
       83.60               5.016308              35778              244.334610     
       83.70               5.016308              35716              181.249818     
       83.80               5.016308              35669              265.090798     
       83.90               5.016308              35729              211.104426     
       84.00               5.016308              35793              205.218690     
       84.10               5.016308              35856              269.210150     
       84.20               5.016308              36070              275.481349     
       84.30               5.016308              36036              298.593517     
       84.40               5.016308              36063              277.201557     
       84.50               5.016308              36057              205.059456     
       84.60               5.016308              36072              319.794293     
       84.70               5.016308              36117              350.599005     
       84.80               5.016308              36058              341.658631     
       84.90               5.016308              36198              257.089170     
       85.00               5.016308              36062              207.180430     
       85.10               5.016308              35992              164.104160     
       85.20               5.016308              35996              268.822908     
       85.30               5.016308              35921              300.220692     
       85.40               5.016308              35910              360.568622     
       85.50               5.016308              35889              335.921383     
       85.60               5.016308              35865              292.114587     
       85.70               5.016308              35847              300.136644     
       85.80               5.016308              35888              300.396290     
       85.90               5.016308              35920              317.690191     
       86.00               5.016308              35993              278.683366     
       86.10               5.016308              35905              240.779801     
       86.20               5.016308              35855              241.158128     
       86.30               5.016308              35841              284.758378     
       86.40               5.016308              35864              298.747018     
       86.50               5.016308              35815              327.381448     
       86.60               5.016308              35830              340.403777     
       86.70               5.016308              35655              353.432252     
       86.80               5.016308              35727              307.685599     
       86.90               5.016308              35776              393.210444     
       87.00               5.016308              35843              331.049772     
       87.10               5.016308              35831              388.286262     
       87.20               5.016308              35895              394.197977     
       87.30               5.016308              35838              470.852117     
       87.40               5.016308              35912              485.338189     
       87.50               5.016308              35888              469.294819     
       87.60               5.016308              35800              543.485474     
       87.70               5.016308              35630              474.507069     
       87.80               5.016308              35691              443.623362     
       87.90               5.016308              35574              415.134302     
       88.00               5.016308              35553              529.633193     
       88.10               5.016308              35724              518.110242     
       88.20               5.016308              35656              467.448403     
       88.30               5.016308              35730              454.169483     
       88.40               5.016308              35730              371.863932     
       88.50               5.016308              35739              352.624344     
       88.60               5.016308              35735              328.915816     
       88.70               5.016308              35764              334.311365     
       88.80               5.016308              35725              398.599810     
       88.90               5.016308              35683              458.132844     
       89.00               5.016308              35667              389.591452     
       89.10               5.016308              35780              395.424655     
       89.20               5.016308              35705              407.028572     
       89.30               5.016308              35812              399.245352     
       89.40               5.016308              35770              432.252338     
       89.50               5.016308              35612              431.238090     
       89.60               5.016308              35706              457.319403     
       89.70               5.016308              35612              459.922130     
       89.80               5.016308              35592              361.925918     
       89.90               5.016308              35613              365.115506     
       90.00               5.016308              35579              460.374115     
       90.10               5.016308              35616              467.647524     
       90.20               5.016308              35702              465.747308     
       90.30               5.016308              35788              488.281038     
       90.40               5.016308              35750              426.191278     
       90.50               5.016308              35867              464.975247     
       90.60               5.016308              35905              402.781931     
       90.70               5.016308              36079              372.658864     
       90.80               5.016308              36085              313.616688     
       90.90               5.016308              36060              339.187149     
       91.00               5.016308              36178              376.796361     
       91.10               5.016308              36135              396.745285     
       91.20               5.016308              36340              435.529233     
       91.30               5.016308              36283              443.710719     
       91.40               5.016308              36239              517.853569     
       91.50               5.016308              36247              484.620057     
       91.60               5.016308              36238              483.889040     
       91.70               5.016308              36250              437.057922     
       91.80               5.016308              36178              408.275696     
       91.90               5.016308              36235              394.833637     
       92.00               5.016308              36249              431.807484     
       92.10               5.016308              36057              452.212685     
       92.20               5.016308              36127              489.317965     
       92.30               5.016308              36095              451.375687     
       92.40               5.016308              36069              390.016532     
       92.50               5.016308              36056              406.059608     
       92.60               5.016308              36160              405.728283     
       92.70               5.016308              36102              391.085411     
       92.80               5.016308              36104              380.433979     
       92.90               5.016308              36082              395.859041     
       93.00               5.016308              35994              404.794431     
       93.10               5.016308              36046              365.800373     
       93.20               5.016308              35955              390.799145     
       93.30               5.016308              35959              408.665888     
       93.40               5.016308              35980              423.904310     
       93.50               5.016308              35971              485.986886     
       93.60               5.016308              35940              420.862499     
       93.70               5.016308              35935              429.199895     
       93.80               5.016308              35893              370.623611     
       93.90               5.016308              35974              424.590887     
       94.00               5.016308              36003              448.437280     
       94.10               5.016308              36004              408.116108     
       94.20               5.016308              36033              396.633574     
       94.30               5.016308              36098              413.291004     
       94.40               5.016308              36045              328.728995     
       94.50               5.016308              36186              314.991327     
       94.60               5.016308              36228              382.710270     
       94.70               5.016308              36208              424.940027     
       94.80               5.016308              36156              385.360585     
       94.90               5.016308              36108              374.837202     
       95.00               5.016308              36159              406.139558     
       95.10               5.016308              36179              428.715735     
       95.20               5.016308              36210              412.596291     
       95.30               5.016308              36150              421.544109     
       95.40               5.016308              36122              446.327325     
       95.50               5.016308              36213              501.774638     
       95.60               5.016308              36166              476.550802     
       95.70               5.016308              36186              413.051831     
       95.80               5.016308              36156              412.401109     
       95.90               5.016308              36270              410.512874     
       96.00               5.016308              36341              464.243098     
       96.10               5.016308              36376              516.439740     
       96.20               5.016308              36330              486.374835     
       96.30               5.016308              36444              433.017079     
       96.40               5.016308              36478              429.161251     
       96.50               5.016308              36390              459.396245     
       96.60               5.016308              36397              423.691082     
       96.70               5.016308              36376              496.494233     
       96.80               5.016308              36289              347.255614     
       96.90               5.016308              36313              357.803379     
       97.00               5.016308              36261              406.373029     
       97.10               5.016308              36313              335.993901     
       97.20               5.016308              36196              356.093649     
       97.30               5.016308              36224              361.763455     
       97.40               5.016308              36129              332.120974     
       97.50               5.016308              36094              319.557109     
       97.60               5.016308              36145              354.914169     
       97.70               5.016308              36270              300.664404     
       97.80               5.016308              36309              362.382400     
       97.90               5.016308              36099              343.132103     
       98.00               5.016308              36271              383.232996     
       98.10               5.016308              36293              405.056817     
       98.20               5.016308              36198              407.451509     
       98.30               5.016308              36191              435.704606     
       98.40               5.016308              36229              428.096301     
       98.50               5.016308              36143              432.338952     
       98.60               5.016308              36078              511.259839     
       98.70               5.016308              36113              450.781634     
       98.80               5.016308              36048              467.241829     
       98.90               5.016308              36083              387.696277     
       99.00               5.016308              36075              334.997888     
       99.10               5.016308              36201              321.779594     
       99.20               5.016308              36154              380.085049     
       99.30               5.016308              36202              369.199023     
       99.40               5.016308              36225              408.720405     
       99.50               5.016308              36141              378.459368     
       99.60               5.016308              36128              352.595597     
       99.70               5.016308              36140              427.787772     
       99.80               5.016308              36120              404.653255     
