        tauB               sizeBin             clust_size      press_align
        0.00               5.016308              36759             6042.062966     
        0.10               5.016308              36965             5393.732125     
        0.20               5.016308              37335             4349.478402     
        0.30               5.016308              37735             3407.473200     
        0.40               5.016308              38137             2736.578736     
        0.50               5.016308              38523             2134.971072     
        0.60               5.016308              38699             1741.415856     
        0.70               5.016308              38764             1565.649791     
        0.80               5.016308              38743             1471.497223     
        0.90               5.016308              38724             1377.228330     
        1.00               5.016308              38628             1250.466871     
        1.10               5.016308              38488             1002.077079     
        1.20               5.016308              38441             1039.344855     
        1.30               5.016308              38258              903.928204     
        1.40               5.016308              38175              961.570864     
        1.50               5.016308              37955              859.771626     
        1.60               5.016308              37500              942.724861     
        1.70               5.016308              37224              910.043636     
        1.80               5.016308              36914              946.842649     
        1.90               5.016308              36597              986.190649     
        2.00               5.016308              36513             1082.311415     
        2.10               5.016308              36347             1187.484167     
        2.20               5.016308              36406             1191.167814     
        2.30               5.016308              36504             1306.916457     
        2.40               5.016308              36347             1379.768656     
        2.50               5.016308              36396             1330.265656     
        2.60               5.016308              36469             1336.222651     
        2.70               5.016308              36445             1308.423656     
        2.80               5.016308              36415             1437.798131     
        2.90               5.016308              36375             1536.558179     
        3.00               5.016308              36401             1515.871831     
        3.10               5.016308              36366             1472.334135     
        3.20               5.016308              36330             1531.122714     
        3.30               5.016308              36270             1410.397532     
        3.40               5.016308              36028             1481.528492     
        3.50               5.016308              35975             1463.662295     
        3.60               5.016308              35887             1488.848022     
        3.70               5.016308              35870             1484.095364     
        3.80               5.016308              35912             1622.896216     
        3.90               5.016308              35921             1601.509717     
        4.00               5.016308              35936             1557.994964     
        4.10               5.016308              36031             1500.154241     
        4.20               5.016308              36185             1365.730255     
        4.30               5.016308              36143             1300.056382     
        4.40               5.016308              36039             1230.026439     
        4.50               5.016308              36194             1185.244830     
        4.60               5.016308              36044             1292.091920     
        4.70               5.016308              36051             1347.583617     
        4.80               5.016308              36088             1359.915687     
        4.90               5.016308              36147             1287.010190     
        5.00               5.016308              36123             1234.914184     
        5.10               5.016308              36096             1202.314298     
        5.20               5.016308              36067             1291.230717     
        5.30               5.016308              35882             1339.499628     
        5.40               5.016308              35758             1347.597484     
        5.50               5.016308              35597             1349.862603     
        5.60               5.016308              35668             1340.852610     
        5.70               5.016308              35610             1409.247306     
        5.80               5.016308              35377             1393.641634     
        5.90               5.016308              35557             1324.032212     
        6.00               5.016308              35886             1393.092782     
        6.10               5.016308              36043             1313.313138     
        6.20               5.016308              36086             1359.654680     
        6.30               5.016308              36168             1335.962006     
        6.40               5.016308              36052             1343.755132     
        6.50               5.016308              36022             1329.066876     
        6.60               5.016308              35878             1451.226524     
        6.70               5.016308              35920             1516.149625     
        6.80               5.016308              36035             1511.674162     
        6.90               5.016308              36136             1421.023831     
        7.00               5.016308              36367             1444.048376     
        7.10               5.016308              36137             1424.237029     
        7.20               5.016308              36193             1325.636577     
        7.30               5.016308              36120             1352.201686     
        7.40               5.016308              36305             1264.467588     
        7.50               5.016308              36226             1240.640423     
        7.60               5.016308              35911             1290.002786     
        7.70               5.016308              36034             1398.792513     
        7.80               5.016308              36140             1422.560330     
        7.90               5.016308              36215             1414.866828     
        8.00               5.016308              36303             1296.706328     
        8.10               5.016308              36392             1372.339733     
        8.20               5.016308              36436             1315.746642     
        8.30               5.016308              36668             1290.652298     
        8.40               5.016308              36697             1307.777830     
        8.50               5.016308              36863             1251.027409     
        8.60               5.016308              36847             1155.633410     
        8.70               5.016308              36802             1144.002164     
        8.80               5.016308              36838             1138.045590     
        8.90               5.016308              36790             1233.922436     
        9.00               5.016308              36572             1235.387343     
        9.10               5.016308              36511             1249.615337     
        9.20               5.016308              36582             1369.993883     
        9.30               5.016308              36515             1341.467379     
        9.40               5.016308              36377             1358.689716     
        9.50               5.016308              36345             1401.191021     
        9.60               5.016308              35940             1365.835154     
        9.70               5.016308              36414             1359.480900     
        9.80               5.016308              36341             1365.437604     
        9.90               5.016308              36361             1374.220005     
       10.00               5.016308              36181             1439.104949     
       10.10               5.016308              36273             1472.836652     
       10.20               5.016308              36084             1434.209096     
       10.30               5.016308              36285             1371.839888     
       10.40               5.016308              36317             1365.200917     
       10.50               5.016308              36198             1349.198130     
       10.60               5.016308              36596             1368.755927     
       10.70               5.016308              36676             1437.490697     
       10.80               5.016308              36559             1456.379335     
       10.90               5.016308              36473             1440.369330     
       11.00               5.016308              36260             1390.040349     
       11.10               5.016308              36368             1349.771529     
       11.20               5.016308              36476             1259.920230     
       11.30               5.016308              36254             1334.092686     
       11.40               5.016308              36182             1306.457414     
       11.50               5.016308              36121             1396.697714     
       11.60               5.016308              36069             1399.959878     
       11.70               5.016308              36246             1388.529629     
       11.80               5.016308              36333             1355.427574     
       11.90               5.016308              36246             1369.879132     
       12.00               5.016308              36393             1366.674399     
       12.10               5.016308              36221             1385.689593     
       12.20               5.016308              36204             1364.233511     
       12.30               5.016308              36448             1331.228795     
       12.40               5.016308              36343             1380.387290     
       12.50               5.016308              36396             1357.353405     
       12.60               5.016308              36404             1321.082816     
       12.70               5.016308              36518             1326.094803     
       12.80               5.016308              36599             1277.335490     
       12.90               5.016308              36795             1300.327437     
       13.00               5.016308              36471             1307.465259     
       13.10               5.016308              36544             1272.223881     
       13.20               5.016308              36406             1302.842377     
       13.30               5.016308              36518             1312.712219     
       13.40               5.016308              36819             1461.202299     
       13.50               5.016308              36714             1414.302666     
       13.60               5.016308              36618             1447.072887     
       13.70               5.016308              36480             1361.583331     
       13.80               5.016308              36300             1338.310360     
       13.90               5.016308              36433             1282.550455     
       14.00               5.016308              36600             1371.564614     
       14.10               5.016308              36719             1374.878920     
       14.20               5.016308              36926             1381.126563     
       14.30               5.016308              36987             1364.354322     
       14.40               5.016308              36781             1329.002089     
       14.50               5.016308              36806             1328.237151     
       14.60               5.016308              36901             1380.698883     
       14.70               5.016308              36965             1325.165947     
       14.80               5.016308              36905             1315.356142     
       14.90               5.016308              36907             1234.555803     
       15.00               5.016308              36867             1289.292093     
       15.10               5.016308              36688             1275.532070     
       15.20               5.016308              36769             1352.394992     
       15.30               5.016308              36753             1272.828369     
       15.40               5.016308              36631             1275.398874     
       15.50               5.016308              36397             1290.516526     
       15.60               5.016308              36242             1304.109943     
       15.70               5.016308              36296             1349.928242     
       15.80               5.016308              36421             1363.103897     
       15.90               5.016308              36475             1362.297242     
       16.00               5.016308              36230             1417.218804     
       16.10               5.016308              36326             1463.681355     
       16.20               5.016308              36058             1424.674918     
       16.30               5.016308              36266             1430.595070     
       16.40               5.016308              36435             1450.304605     
       16.50               5.016308              36669             1455.608280     
       16.60               5.016308              36840             1423.917912     
       16.70               5.016308              36270             1338.992270     
       16.80               5.016308              36072             1278.592814     
       16.90               5.016308              36149             1226.337269     
       17.00               5.016308              36185             1268.530578     
       17.10               5.016308              36266             1244.118656     
       17.20               5.016308              36259             1318.264994     
       17.30               5.016308              36125             1431.897955     
       17.40               5.016308              36491             1410.735413     
       17.50               5.016308              36455             1504.745202     
       17.60               5.016308              36467             1410.491542     
       17.70               5.016308              36599             1360.980075     
       17.80               5.016308              36367             1362.752959     
       17.90               5.016308              36339             1298.718779     
       18.00               5.016308              36267             1254.189431     
       18.10               5.016308              36109             1257.918537     
       18.20               5.016308              36349             1224.645806     
       18.30               5.016308              36253             1238.476041     
       18.40               5.016308              36047             1295.579863     
       18.50               5.016308              36020             1262.925201     
       18.60               5.016308              35669             1317.169617     
       18.70               5.016308              35399             1293.948862     
       18.80               5.016308              35523             1287.191562     
       18.90               5.016308              35646             1285.318064     
       19.00               5.016308              35654             1369.184365     
       19.10               5.016308              35891             1426.765691     
       19.20               5.016308              35833             1381.518923     
       19.30               5.016308              35987             1371.689795     
       19.40               5.016308              36066             1322.545254     
       19.50               5.016308              36259             1235.864751     
       19.60               5.016308              36173             1243.541883     
       19.70               5.016308              36253             1232.514366     
       19.80               5.016308              36156             1233.014551     
       19.90               5.016308              36068             1213.967462     
       20.00               5.016308              36051             1221.117894     
       20.10               5.016308              36124             1202.666497     
       20.20               5.016308              36255             1281.348348     
       20.30               5.016308              36316             1296.573269     
       20.40               5.016308              36261             1261.580126     
       20.50               5.016308              36345             1298.561559     
       20.60               5.016308              36356             1269.018250     
       20.70               5.016308              36545             1430.860644     
       20.80               5.016308              36594             1411.106775     
       20.90               5.016308              36165             1349.546407     
       21.00               5.016308              36221             1327.348277     
       21.10               5.016308              36065             1241.215434     
       21.20               5.016308              35986             1279.288970     
       21.30               5.016308              35925             1251.279378     
       21.40               5.016308              36125             1290.331872     
       21.50               5.016308              35980             1355.393973     
       21.60               5.016308              35964             1258.906953     
       21.70               5.016308              35946             1259.333676     
       21.80               5.016308              35915             1250.409431     
       21.90               5.016308              35949             1378.610105     
       22.00               5.016308              35645             1369.650943     
       22.10               5.016308              35618             1329.807623     
       22.20               5.016308              35494             1392.766012     
       22.30               5.016308              35405             1408.619275     
       22.40               5.016308              35271             1385.324881     
       22.50               5.016308              35372             1413.241821     
       22.60               5.016308              35413             1496.080426     
       22.70               5.016308              35508             1406.258307     
       22.80               5.016308              35627             1380.972994     
       22.90               5.016308              35913             1461.278725     
       23.00               5.016308              35973             1426.932478     
       23.10               5.016308              36062             1376.937096     
       23.20               5.016308              36061             1298.914227     
       23.30               5.016308              36282             1311.379604     
       23.40               5.016308              36089             1246.866888     
       23.50               5.016308              36010             1300.309117     
       23.60               5.016308              35964             1345.879773     
       23.70               5.016308              35842             1209.792827     
       23.80               5.016308              35898             1154.476009     
       23.90               5.016308              35916             1274.284926     
       24.00               5.016308              35991             1367.821625     
       24.10               5.016308              35861             1295.030543     
       24.20               5.016308              35917             1370.387571     
       24.30               5.016308              36093             1368.024782     
       24.40               5.016308              36013             1377.195591     
       24.50               5.016308              36144             1402.901945     
       24.60               5.016308              36040             1370.698905     
       24.70               5.016308              36075             1338.808767     
       24.80               5.016308              36001             1357.904847     
       24.90               5.016308              36066             1275.725906     
       25.00               5.016308              36019             1228.460118     
       25.10               5.016308              35888             1259.378734     
       25.20               5.016308              36159             1285.299836     
       25.30               5.016308              36305             1304.636520     
       25.40               5.016308              36359             1307.500212     
       25.50               5.016308              36382             1303.939513     
       25.60               5.016308              36438             1227.650026     
       25.70               5.016308              36313             1234.590539     
       25.80               5.016308              36212             1124.247453     
       25.90               5.016308              36326             1191.163341     
       26.00               5.016308              36200             1177.149850     
       26.10               5.016308              36402             1214.491968     
       26.20               5.016308              36227             1147.895613     
       26.30               5.016308              36234             1074.955233     
       26.40               5.016308              36259             1117.137613     
       26.50               5.016308              36006             1119.189424     
       26.60               5.016308              35852             1175.937471     
       26.70               5.016308              35645             1284.730263     
       26.80               5.016308              35756             1296.592337     
       26.90               5.016308              35500             1270.115072     
       27.00               5.016308              35495             1255.040469     
       27.10               5.016308              35589             1223.384749     
       27.20               5.016308              35699             1229.913779     
       27.30               5.016308              35816             1198.551544     
       27.40               5.016308              35664             1327.434091     
       27.50               5.016308              35595             1302.210219     
       27.60               5.016308              35542             1245.074836     
       27.70               5.016308              35793             1227.375569     
       27.80               5.016308              35498             1237.273096     
       27.90               5.016308              35636             1287.111774     
       28.00               5.016308              35452             1327.945256     
       28.10               5.016308              35449             1334.964629     
       28.20               5.016308              35401             1346.150409     
       28.30               5.016308              35561             1285.747585     
       28.40               5.016308              35442             1236.991176     
       28.50               5.016308              35514             1232.991773     
       28.60               5.016308              35760             1193.713897     
       28.70               5.016308              35779             1253.998310     
       28.80               5.016308              35918             1200.206968     
       28.90               5.016308              35869             1298.175203     
       29.00               5.016308              35748             1224.395088     
       29.10               5.016308              35856             1109.480875     
       29.20               5.016308              35823             1087.309497     
       29.30               5.016308              35781             1115.202992     
       29.40               5.016308              35687             1135.632560     
       29.50               5.016308              35717             1149.648119     
       29.60               5.016308              35452             1171.729819     
       29.70               5.016308              35481             1291.565893     
       29.80               5.016308              35637             1278.008200     
       29.90               5.016308              35593             1325.227498     
       30.00               5.016308              35516             1280.804284     
       30.10               5.016308              35298             1282.852601     
       30.20               5.016308              35243             1308.010394     
       30.30               5.016308              35435             1315.196951     
       30.40               5.016308              35484             1299.541916     
       30.50               5.016308              35303             1265.544812     
       30.60               5.016308              35528             1296.296148     
       30.70               5.016308              35446             1201.691014     
       30.80               5.016308              35474             1184.903203     
       30.90               5.016308              35496             1306.142177     
       31.00               5.016308              35579             1428.782314     
       31.10               5.016308              35738             1336.482761     
       31.20               5.016308              35931             1316.278996     
       31.30               5.016308              35992             1298.979357     
       31.40               5.016308              35908             1320.323003     
       31.50               5.016308              35889             1224.994902     
       31.60               5.016308              35797             1173.915805     
       31.70               5.016308              35902             1205.546772     
       31.80               5.016308              36039             1181.921614     
       31.90               5.016308              36037             1134.983519     
       32.00               5.016308              36090             1175.237793     
       32.10               5.016308              36183             1009.623483     
       32.20               5.016308              36250             1031.505274     
       32.30               5.016308              36280             1012.485442     
       32.40               5.016308              36257             1030.973881     
       32.50               5.016308              36035             1053.902401     
       32.60               5.016308              36113             1061.060469     
       32.70               5.016308              36114             1090.231699     
       32.80               5.016308              35977             1074.433223     
       32.90               5.016308              35813             1074.330301     
       33.00               5.016308              35903             1135.831317     
       33.10               5.016308              35822             1046.742206     
       33.20               5.016308              35787             1049.441828     
       33.30               5.016308              35608             1117.997075     
       33.40               5.016308              35636             1172.217208     
       33.50               5.016308              35621             1204.235607     
       33.60               5.016308              35617             1195.103195     
       33.70               5.016308              35599             1250.700478     
       33.80               5.016308              35458             1254.048685     
       33.90               5.016308              35311             1208.028202     
       34.00               5.016308              35448             1189.147720     
       34.10               5.016308              35327             1200.955530     
       34.20               5.016308              35598             1185.370892     
       34.30               5.016308              35675             1227.430934     
       34.40               5.016308              35582             1149.553638     
       34.50               5.016308              35644             1185.893692     
       34.60               5.016308              35482             1219.292569     
       34.70               5.016308              35613             1223.763634     
       34.80               5.016308              35763             1190.301743     
       34.90               5.016308              35598             1121.088742     
       35.00               5.016308              35597             1143.913037     
       35.10               5.016308              35488             1131.603022     
       35.20               5.016308              35358             1074.080802     
       35.30               5.016308              35497             1080.972966     
       35.40               5.016308              35577             1125.187988     
       35.50               5.016308              35649             1105.603067     
       35.60               5.016308              35704             1088.383990     
       35.70               5.016308              35640             1197.844019     
       35.80               5.016308              35576             1234.717955     
       35.90               5.016308              35644             1137.533471     
       36.00               5.016308              35367             1199.049777     
       36.10               5.016308              35527             1231.147987     
       36.20               5.016308              35461             1238.904880     
       36.30               5.016308              35469             1243.268260     
       36.40               5.016308              35587             1255.436486     
       36.50               5.016308              35733             1184.920014     
       36.60               5.016308              35823             1134.496506     
       36.70               5.016308              35795             1115.271388     
       36.80               5.016308              35726             1088.854798     
       36.90               5.016308              35511             1041.354349     
       37.00               5.016308              35279             1073.759720     
       37.10               5.016308              35314             1064.251993     
       37.20               5.016308              35383             1085.958524     
       37.30               5.016308              35049             1106.074718     
       37.40               5.016308              35078             1136.511761     
       37.50               5.016308              34908             1118.255636     
       37.60               5.016308              34784             1140.739933     
       37.70               5.016308              34777             1141.802291     
       37.80               5.016308              35013             1132.542657     
       37.90               5.016308              34998             1156.263029     
       38.00               5.016308              34900             1151.580648     
       38.10               5.016308              35065             1079.172763     
       38.20               5.016308              34806             1066.072742     
       38.30               5.016308              35077             1080.068878     
       38.40               5.016308              35031             1012.035971     
       38.50               5.016308              34933             1127.036775     
       38.60               5.016308              34843             1160.440490     
       38.70               5.016308              34641             1204.751077     
       38.80               5.016308              34975             1176.559555     
       38.90               5.016308              34990             1196.988970     
       39.00               5.016308              35062             1190.518079     
       39.10               5.016308              35174             1242.875516     
       39.20               5.016308              35337             1263.294637     
       39.30               5.016308              35296             1272.280858     
       39.40               5.016308              35210             1149.691863     
       39.50               5.016308              35128             1190.223760     
       39.60               5.016308              35140             1183.692023     
       39.70               5.016308              35070             1356.441704     
       39.80               5.016308              35149             1317.858944     
       39.90               5.016308              35287             1315.934673     
       40.00               5.016308              35239             1366.800764     
       40.10               5.016308              35479             1305.326609     
       40.20               5.016308              35225             1315.253073     
       40.30               5.016308              35192             1285.935227     
       40.40               5.016308              34911             1208.643439     
       40.50               5.016308              35093             1156.776014     
       40.60               5.016308              34953             1134.067653     
       40.70               5.016308              34925             1165.342965     
       40.80               5.016308              34979             1238.308953     
       40.90               5.016308              34859             1340.750364     
       41.00               5.016308              34841             1310.444508     
       41.10               5.016308              34743             1254.491342     
       41.20               5.016308              34947             1252.047597     
       41.30               5.016308              34919             1372.090441     
       41.40               5.016308              34782             1236.919417     
       41.50               5.016308              34749             1287.132784     
       41.60               5.016308              34563             1295.968880     
       41.70               5.016308              34642             1340.284051     
       41.80               5.016308              34443             1338.543468     
       41.90               5.016308              34339             1359.270661     
       42.00               5.016308              34295             1358.823673     
       42.10               5.016308              34308             1295.719773     
       42.20               5.016308              34380             1167.334113     
       42.30               5.016308              34584             1311.109315     
       42.40               5.016308              34484             1400.035077     
       42.50               5.016308              34399             1423.707104     
       42.60               5.016308              34220             1359.606274     
       42.70               5.016308              33995             1422.402828     
       42.80               5.016308              34045             1496.548970     
       42.90               5.016308              33963             1381.593588     
       43.00               5.016308              33913             1383.348653     
       43.10               5.016308              33690             1422.908234     
       43.20               5.016308              33807             1350.451802     
       43.30               5.016308              33956             1321.150845     
       43.40               5.016308              34060             1336.985525     
       43.50               5.016308              34094             1397.647069     
       43.60               5.016308              33965             1475.690828     
       43.70               5.016308              34090             1437.998759     
       43.80               5.016308              33801             1374.934702     
       43.90               5.016308              33972             1401.103776     
       44.00               5.016308              34175             1411.213106     
       44.10               5.016308              34194             1350.267543     
       44.20               5.016308              34162             1424.771155     
       44.30               5.016308              34242             1472.402508     
       44.40               5.016308              34153             1429.298213     
       44.50               5.016308              34153             1329.990679     
       44.60               5.016308              34210             1316.926369     
       44.70               5.016308              34162             1257.965377     
       44.80               5.016308              34175             1329.265065     
       44.90               5.016308              33838             1312.812653     
       45.00               5.016308              34057             1418.213335     
       45.10               5.016308              33997             1433.133610     
       45.20               5.016308              33893             1444.405167     
       45.30               5.016308              33909             1371.453854     
       45.40               5.016308              33976             1480.058157     
       45.50               5.016308              33911             1408.548595     
       45.60               5.016308              33825             1361.182398     
       45.70               5.016308              33993             1417.128232     
       45.80               5.016308              33996             1351.812652     
       45.90               5.016308              33718             1380.859702     
       46.00               5.016308              33663             1364.353586     
       46.10               5.016308              33664             1346.124518     
       46.20               5.016308              33675             1255.428880     
       46.30               5.016308              33748             1243.954752     
       46.40               5.016308              33817             1230.185653     
       46.50               5.016308              33745             1222.925326     
       46.60               5.016308              33874             1280.377907     
       46.70               5.016308              34086             1373.969204     
       46.80               5.016308              33946             1335.190821     
       46.90               5.016308              33569             1233.442325     
       47.00               5.016308              33765             1359.931846     
       47.10               5.016308              33625             1396.356279     
       47.20               5.016308              33368             1381.890953     
       47.30               5.016308              33456             1360.017302     
       47.40               5.016308              33365             1374.045570     
       47.50               5.016308              33127             1225.948509     
       47.60               5.016308              33074             1284.122103     
       47.70               5.016308              32869             1267.516951     
       47.80               5.016308              32827             1258.174322     
       47.90               5.016308              32881             1341.651094     
       48.00               5.016308              32936             1359.618409     
       48.10               5.016308              33007             1331.365592     
       48.20               5.016308              33120             1360.768215     
       48.30               5.016308              33086             1422.203039     
       48.40               5.016308              33104             1407.475241     
       48.50               5.016308              33022             1385.631254     
       48.60               5.016308              33027             1315.202419     
       48.70               5.016308              32887             1305.436585     
       48.80               5.016308              32986             1306.423200     
       48.90               5.016308              32926             1403.970116     
       49.00               5.016308              32762             1391.043076     
       49.10               5.016308              32777             1456.322885     
       49.20               5.016308              32859             1458.127085     
       49.30               5.016308              32749             1506.415170     
       49.40               5.016308              32544             1405.254011     
       49.50               5.016308              32310             1490.171864     
       49.60               5.016308              32241             1446.920476     
       49.70               5.016308              32325             1393.703485     
       49.80               5.016308              32347             1474.810128     
       49.90               5.016308              32315             1449.745375     
       50.00               5.016308              32225             1405.403611     
       50.10               5.016308              32349             1482.465075     
       50.20               5.016308              32374             1513.121070     
       50.30               5.016308              32526             1582.696004     
       50.40               5.016308              32742             1528.555822     
       50.50               5.016308              32625             1505.137685     
       50.60               5.016308              32759             1477.350318     
       50.70               5.016308              32865             1533.656504     
       50.80               5.016308              32712             1477.459131     
       50.90               5.016308              33010             1579.168627     
       51.00               5.016308              32955             1473.050453     
       51.10               5.016308              32984             1448.846550     
       51.20               5.016308              32874             1472.912880     
       51.30               5.016308              33071             1449.985209     
       51.40               5.016308              33362             1414.712135     
       51.50               5.016308              33510             1463.076213     
       51.60               5.016308              33505             1465.600215     
       51.70               5.016308              33657             1528.322153     
       51.80               5.016308              33475             1457.810992     
       51.90               5.016308              33691             1450.928878     
       52.00               5.016308              33750             1342.011292     
       52.10               5.016308              33660             1278.656121     
       52.20               5.016308              33565             1397.244930     
       52.30               5.016308              33548             1375.070198     
       52.40               5.016308              33362             1369.943570     
       52.50               5.016308              32960             1340.792756     
       52.60               5.016308              32707             1439.146571     
       52.70               5.016308              32588             1420.407095     
       52.80               5.016308              32419             1410.621637     
       52.90               5.016308              32294             1350.835864     
       53.00               5.016308              32391             1317.731634     
       53.10               5.016308              32587             1393.209917     
       53.20               5.016308              32732             1412.462298     
       53.30               5.016308              33022             1529.802081     
       53.40               5.016308              33127             1470.426365     
       53.50               5.016308              33010             1442.043737     
       53.60               5.016308              33083             1378.550902     
       53.70               5.016308              32878             1345.512688     
       53.80               5.016308              32928             1340.153543     
       53.90               5.016308              32874             1269.477685     
       54.00               5.016308              32988             1301.373160     
       54.10               5.016308              33006             1281.367913     
       54.20               5.016308              32786             1237.758267     
       54.30               5.016308              32792             1333.574870     
       54.40               5.016308              32807             1247.801988     
       54.50               5.016308              32732             1200.154788     
       54.60               5.016308              32870             1239.287573     
       54.70               5.016308              32791             1400.708029     
       54.80               5.016308              32706             1481.684885     
       54.90               5.016308              32547             1426.906044     
       55.00               5.016308              32673             1495.736842     
       55.10               5.016308              32607             1568.342070     
       55.20               5.016308              32682             1409.608389     
       55.30               5.016308              32757             1420.306841     
       55.40               5.016308              32970             1446.422591     
       55.50               5.016308              32858             1454.417586     
       55.60               5.016308              32760             1379.072936     
       55.70               5.016308              32870             1315.781914     
       55.80               5.016308              32834             1453.568530     
       55.90               5.016308              32757             1471.558874     
       56.00               5.016308              32700             1425.923183     
       56.10               5.016308              32822             1463.406499     
       56.20               5.016308              33041             1394.678353     
       56.30               5.016308              32916             1431.194168     
       56.40               5.016308              32985             1452.423335     
       56.50               5.016308              32882             1311.997126     
       56.60               5.016308              32958             1353.764136     
       56.70               5.016308              33140             1393.277494     
       56.80               5.016308              33178             1438.422478     
       56.90               5.016308              33171             1410.864123     
       57.00               5.016308              33295             1390.416179     
       57.10               5.016308              33313             1400.467670     
       57.20               5.016308              33202             1351.465015     
       57.30               5.016308              33171             1204.091985     
       57.40               5.016308              32938             1214.117270     
       57.50               5.016308              32901             1261.949104     
       57.60               5.016308              32831             1330.859387     
       57.70               5.016308              32698             1260.119845     
       57.80               5.016308              32597             1316.671630     
       57.90               5.016308              32530             1318.580249     
       58.00               5.016308              32352             1354.641801     
       58.10               5.016308              32210             1373.924288     
       58.20               5.016308              32284             1319.301671     
       58.30               5.016308              32311             1319.500280     
       58.40               5.016308              32369             1321.336956     
       58.50               5.016308              32479             1304.258748     
       58.60               5.016308              32624             1389.863472     
       58.70               5.016308              32446             1288.449408     
       58.80               5.016308              32280             1261.420260     
       58.90               5.016308              32372             1239.763642     
       59.00               5.016308              32111             1266.198716     
       59.10               5.016308              32250             1241.204884     
       59.20               5.016308              31937             1249.869891     
       59.30               5.016308              31978             1262.261765     
       59.40               5.016308              31715             1231.262007     
       59.50               5.016308              31794             1293.177902     
       59.60               5.016308              31711             1415.469458     
       59.70               5.016308              31822             1490.844050     
       59.80               5.016308              31921             1439.341998     
       59.90               5.016308              31812             1472.479087     
       60.00               5.016308              31960             1464.085366     
       60.10               5.016308              32039             1493.061670     
       60.20               5.016308              32276             1474.597637     
       60.30               5.016308              32264             1410.538803     
       60.40               5.016308              32222             1333.487650     
       60.50               5.016308              32163             1438.212386     
       60.60               5.016308              32104             1390.427698     
       60.70               5.016308              32288             1293.321276     
       60.80               5.016308              32095             1322.552678     
       60.90               5.016308              32182             1347.854300     
       61.00               5.016308              31971             1305.440011     
       61.10               5.016308              31977             1342.297259     
       61.20               5.016308              32142             1362.332405     
       61.30               5.016308              32149             1393.975305     
       61.40               5.016308              32248             1393.068567     
       61.50               5.016308              32290             1447.712681     
       61.60               5.016308              32313             1399.385193     
       61.70               5.016308              32315             1436.833983     
       61.80               5.016308              32198             1345.233918     
       61.90               5.016308              32167             1450.503612     
       62.00               5.016308              31865             1466.161249     
       62.10               5.016308              32137             1398.159099     
       62.20               5.016308              32130             1358.800858     
       62.30               5.016308              32389             1413.357621     
       62.40               5.016308              32282             1437.395966     
       62.50               5.016308              32129             1400.688642     
       62.60               5.016308              32099             1454.266255     
       62.70               5.016308              32139             1337.951883     
       62.80               5.016308              32280             1255.190696     
       62.90               5.016308              32219             1341.504874     
       63.00               5.016308              32238             1321.839952     
       63.10               5.016308              32161             1357.320072     
       63.20               5.016308              32290             1347.981400     
       63.30               5.016308              32222             1327.070829     
       63.40               5.016308              32177             1295.096311     
       63.50               5.016308              31951             1298.932222     
       63.60               5.016308              31769             1323.015674     
       63.70               5.016308              31834             1397.973705     
       63.80               5.016308              31884             1441.379926     
       63.90               5.016308              31936             1290.044175     
       64.00               5.016308              32160             1266.768096     
       64.10               5.016308              32084             1308.661192     
       64.20               5.016308              32109             1264.834415     
       64.30               5.016308              32091             1308.900205     
       64.40               5.016308              31995             1189.311612     
       64.50               5.016308              32030             1232.864455     
       64.60               5.016308              32076             1176.754289     
       64.70               5.016308              31815             1291.644668     
       64.80               5.016308              31813             1237.207902     
       64.90               5.016308              31847             1281.354918     
       65.00               5.016308              31913             1227.797293     
       65.10               5.016308              31872             1319.701117     
       65.20               5.016308              31704             1304.891831     
       65.30               5.016308              31733             1227.446882     
       65.40               5.016308              31815             1267.954045     
       65.50               5.016308              32013             1380.985883     
       65.60               5.016308              31842             1391.353699     
       65.70               5.016308              31637             1430.331580     
       65.80               5.016308              31692             1444.589812     
       65.90               5.016308              31858             1402.983910     
       66.00               5.016308              31956             1288.396943     
       66.10               5.016308              31634             1281.172147     
       66.20               5.016308              31709             1240.528925     
       66.30               5.016308              31847             1206.117729     
       66.40               5.016308              31667             1247.624733     
       66.50               5.016308              31604             1294.548326     
       66.60               5.016308              31614             1341.429878     
       66.70               5.016308              31653             1373.892581     
       66.80               5.016308              31685             1341.310369     
       66.90               5.016308              31573             1328.292822     
       67.00               5.016308              31115             1366.012612     
       67.10               5.016308              31179             1205.476193     
       67.20               5.016308              31171             1215.792161     
       67.30               5.016308              31406             1259.325945     
       67.40               5.016308              31331             1296.575271     
       67.50               5.016308              31426             1293.037251     
       67.60               5.016308              31689             1311.236953     
       67.70               5.016308              31689             1259.830573     
       67.80               5.016308              31811             1322.119442     
       67.90               5.016308              31783             1296.234749     
       68.00               5.016308              31726             1317.464985     
       68.10               5.016308              31648             1368.257821     
       68.20               5.016308              31944             1288.466013     
       68.30               5.016308              31833             1303.779862     
       68.40               5.016308              31932             1297.343093     
       68.50               5.016308              32148             1301.620974     
       68.60               5.016308              31797             1270.094535     
       68.70               5.016308              31804             1294.994039     
       68.80               5.016308              32037             1303.686783     
       68.90               5.016308              31767             1328.661434     
       69.00               5.016308              31805             1213.438412     
       69.10               5.016308              31968             1329.719085     
       69.20               5.016308              32002             1350.973717     
       69.30               5.016308              31594             1351.773751     
       69.40               5.016308              31623             1296.690552     
       69.50               5.016308              31718             1381.078592     
       69.60               5.016308              31686             1370.968091     
       69.70               5.016308              31701             1354.395341     
       69.80               5.016308              31910             1375.574518     
       69.90               5.016308              31722             1396.299416     
       70.00               5.016308              31668             1434.533510     
       70.10               5.016308              31630             1262.788121     
       70.20               5.016308              31742             1233.549911     
       70.30               5.016308              31377             1250.921086     
       70.40               5.016308              31672             1295.319140     
       70.50               5.016308              31369             1308.058428     
       70.60               5.016308              31128             1321.847830     
       70.70               5.016308              31096             1317.652149     
       70.80               5.016308              31107             1296.179364     
       70.90               5.016308              30956             1234.584198     
       71.00               5.016308              31217             1340.453430     
       71.10               5.016308              31188             1368.486227     
       71.20               5.016308              31456             1447.910455     
       71.30               5.016308              31505             1477.949502     
       71.40               5.016308              31706             1473.249072     
       71.50               5.016308              31636             1415.722372     
       71.60               5.016308              31535             1349.759574     
       71.70               5.016308              31432             1426.764760     
       71.80               5.016308              31536             1398.558449     
       71.90               5.016308              31698             1368.032735     
       72.00               5.016308              31856             1381.256040     
       72.10               5.016308              31826             1368.411548     
       72.20               5.016308              31764             1376.268580     
       72.30               5.016308              31921             1368.620107     
       72.40               5.016308              31931             1342.895673     
       72.50               5.016308              32075             1225.585170     
       72.60               5.016308              32137             1193.624611     
       72.70               5.016308              31866             1251.488780     
       72.80               5.016308              31655             1217.653060     
       72.90               5.016308              31816             1272.805090     
       73.00               5.016308              31761             1195.587822     
       73.10               5.016308              31730             1245.989652     
       73.20               5.016308              31503             1269.582247     
       73.30               5.016308              31504             1229.287025     
       73.40               5.016308              31469             1269.530498     
       73.50               5.016308              31504             1332.840800     
       73.60               5.016308              31624             1302.920312     
       73.70               5.016308              31623             1276.933981     
       73.80               5.016308              31645             1289.494185     
       73.90               5.016308              31595             1251.340043     
       74.00               5.016308              31496             1199.607879     
       74.10               5.016308              31618             1271.940618     
       74.20               5.016308              31602             1185.825955     
       74.30               5.016308              31613             1347.575709     
       74.40               5.016308              31468             1314.311991     
       74.50               5.016308              31352             1238.195937     
       74.60               5.016308              31392             1179.595825     
       74.70               5.016308              31468             1160.638363     
       74.80               5.016308              31471             1254.590658     
       74.90               5.016308              31472             1142.354732     
       75.00               5.016308              31368             1157.994961     
       75.10               5.016308              31158             1167.857511     
       75.20               5.016308              30760             1188.621048     
       75.30               5.016308              30650             1197.769809     
       75.40               5.016308              30780             1175.528560     
       75.50               5.016308              30850             1217.153201     
       75.60               5.016308              30667             1235.333500     
       75.70               5.016308              30727             1148.638614     
       75.80               5.016308              30717             1219.826468     
       75.90               5.016308              30729             1191.494568     
       76.00               5.016308              31004             1286.863331     
       76.10               5.016308              30643             1278.119532     
       76.20               5.016308              31020             1405.146643     
       76.30               5.016308              30938             1349.792980     
       76.40               5.016308              30923             1328.085971     
       76.50               5.016308              31019             1334.544942     
       76.60               5.016308              31281             1289.316427     
       76.70               5.016308              30989             1303.939650     
       76.80               5.016308              31060             1353.423760     
       76.90               5.016308              31044             1427.670592     
       77.00               5.016308              30947             1408.420048     
       77.10               5.016308              30853             1374.983552     
       77.20               5.016308              30839             1359.966252     
       77.30               5.016308              31029             1365.546149     
       77.40               5.016308              30788             1349.177913     
       77.50               5.016308              30901             1385.958408     
       77.60               5.016308              30888             1516.548478     
       77.70               5.016308              31223             1470.890703     
       77.80               5.016308              31085             1432.054718     
       77.90               5.016308              31379             1357.184513     
       78.00               5.016308              31144             1430.701350     
       78.10               5.016308              31118             1356.101325     
       78.20               5.016308              31224             1308.072455     
       78.30               5.016308              31078             1385.362083     
       78.40               5.016308              31250             1439.484249     
       78.50               5.016308              31235             1422.341689     
       78.60               5.016308              31190             1404.373426     
       78.70               5.016308              30795             1280.632527     
       78.80               5.016308              30818             1275.134794     
       78.90               5.016308              30881             1182.049060     
       79.00               5.016308              30646             1171.316321     
       79.10               5.016308              30782             1172.033632     
       79.20               5.016308              30445             1169.215643     
       79.30               5.016308              30590             1144.415350     
       79.40               5.016308              30535             1182.065235     
       79.50               5.016308              30241             1255.158938     
       79.60               5.016308              30319             1332.561295     
       79.70               5.016308              30423             1282.055128     
       79.80               5.016308              30560             1244.432520     
       79.90               5.016308              30632             1317.206330     
       80.00               5.016308              30471             1334.547266     
       80.10               5.016308              30478             1349.076514     
       80.20               5.016308              30290             1297.280112     
       80.30               5.016308              30394             1221.252205     
       80.40               5.016308              30313             1170.456018     
       80.50               5.016308              30597             1214.378204     
       80.60               5.016308              30769             1209.868469     
       80.70               5.016308              30945             1242.880783     
       80.80               5.016308              30514             1298.879469     
       80.90               5.016308              30612             1331.214665     
       81.00               5.016308              30461             1445.351144     
       81.10               5.016308              30719             1472.276389     
       81.20               5.016308              30726             1389.970014     
       81.30               5.016308              30809             1356.583253     
       81.40               5.016308              31214             1283.571455     
       81.50               5.016308              31114             1309.665918     
       81.60               5.016308              30855             1280.121195     
       81.70               5.016308              30680             1273.522061     
       81.80               5.016308              30802             1382.448204     
       81.90               5.016308              30850             1237.844837     
       82.00               5.016308              30942             1227.843068     
       82.10               5.016308              30614             1248.595896     
       82.20               5.016308              30462             1198.256040     
       82.30               5.016308              30032             1238.720590     
       82.40               5.016308              29819             1323.134189     
       82.50               5.016308              29900             1284.496187     
       82.60               5.016308              30142             1271.516790     
       82.70               5.016308              30008             1352.369400     
       82.80               5.016308              30027             1339.489734     
       82.90               5.016308              29856             1405.377779     
       83.00               5.016308              29722             1315.835984     
       83.10               5.016308              29740             1406.859892     
       83.20               5.016308              29805             1363.610929     
       83.30               5.016308              29952             1402.852687     
       83.40               5.016308              29607             1337.764011     
       83.50               5.016308              29864             1354.421975     
       83.60               5.016308              29904             1358.812922     
       83.70               5.016308              29907             1419.618682     
       83.80               5.016308              29822             1553.321226     
       83.90               5.016308              30011             1489.766807     
       84.00               5.016308              30154             1481.522623     
       84.10               5.016308              30188             1375.074893     
       84.20               5.016308              30028             1414.768879     
       84.30               5.016308              30222             1446.900745     
       84.40               5.016308              30147             1392.566499     
       84.50               5.016308              30169             1444.490306     
       84.60               5.016308              30397             1449.339449     
       84.70               5.016308              30424             1433.510456     
       84.80               5.016308              30313             1440.272144     
       84.90               5.016308              30414             1467.944086     
       85.00               5.016308              30593             1475.134219     
       85.10               5.016308              30592             1447.796637     
       85.20               5.016308              30426             1396.358703     
       85.30               5.016308              30352             1503.594550     
       85.40               5.016308              30625             1465.385507     
       85.50               5.016308              30568             1398.799012     
       85.60               5.016308              30270             1378.571601     
       85.70               5.016308              30392             1243.391746     
       85.80               5.016308              30520             1220.890346     
       85.90               5.016308              30358             1243.756414     
       86.00               5.016308              30522             1294.944625     
       86.10               5.016308              30327             1267.723082     
       86.20               5.016308              30215             1280.669820     
       86.30               5.016308              30120             1353.172022     
       86.40               5.016308              30088             1362.161877     
       86.50               5.016308              30104             1296.927771     
       86.60               5.016308              29954             1364.630883     
       86.70               5.016308              30254             1360.012143     
       86.80               5.016308              30232             1309.912176     
       86.90               5.016308              30193             1453.504556     
       87.00               5.016308              30217             1372.451278     
       87.10               5.016308              30294             1246.427397     
       87.20               5.016308              30567             1235.857875     
       87.30               5.016308              30638             1224.611655     
       87.40               5.016308              30642             1117.585084     
       87.50               5.016308              30561             1213.729820     
       87.60               5.016308              30788             1291.394010     
       87.70               5.016308              30530             1377.031440     
       87.80               5.016308              30314             1375.912321     
       87.90               5.016308              30356             1392.511723     
       88.00               5.016308              30619             1292.625787     
       88.10               5.016308              30381             1248.778738     
       88.20               5.016308              30056             1345.806152     
       88.30               5.016308              29920             1380.887525     
       88.40               5.016308              29788             1388.698292     
       88.50               5.016308              29882             1333.379737     
       88.60               5.016308              29394             1360.454184     
       88.70               5.016308              29332             1386.577603     
       88.80               5.016308              29338             1395.690299     
       88.90               5.016308              29624             1372.905353     
       89.00               5.016308              29753             1261.000271     
       89.10               5.016308              29995             1321.820729     
       89.20               5.016308              29858             1336.036025     
       89.30               5.016308              30164             1349.541517     
       89.40               5.016308              30281             1386.398550     
       89.50               5.016308              30220             1399.065347     
       89.60               5.016308              30425             1334.999144     
       89.70               5.016308              30498             1353.531616     
       89.80               5.016308              30393             1246.338576     
       89.90               5.016308              30200             1315.873018     
       90.00               5.016308              30022             1218.423022     
       90.10               5.016308              29709             1263.398340     
       90.20               5.016308              29744             1343.300851     
       90.30               5.016308              29755             1407.938428     
       90.40               5.016308              29672             1474.012057     
       90.50               5.016308              29549             1469.397977     
       90.60               5.016308              29701             1535.637469     
       90.70               5.016308              29649             1427.867547     
       90.80               5.016308              29777             1377.625980     
       90.90               5.016308              29989             1364.871946     
       91.00               5.016308              29630             1388.606813     
       91.10               5.016308              29452             1313.398851     
       91.20               5.016308              29474             1372.131177     
       91.30               5.016308              29364             1350.324954     
       91.40               5.016308              29578             1314.329006     
       91.50               5.016308              29526             1300.737837     
       91.60               5.016308              29856             1263.513465     
       91.70               5.016308              29834             1325.490941     
       91.80               5.016308              29468             1348.982214     
       91.90               5.016308              29566             1407.893245     
       92.00               5.016308              29664             1365.464284     
       92.10               5.016308              29570             1457.113723     
       92.20               5.016308              29442             1378.891776     
       92.30               5.016308              29403             1394.013650     
       92.40               5.016308              29459             1471.203724     
       92.50               5.016308              29339             1504.161963     
       92.60               5.016308              29257             1541.843420     
       92.70               5.016308              29471             1414.295501     
       92.80               5.016308              29636             1386.732427     
       92.90               5.016308              29700             1311.391168     
       93.00               5.016308              29713             1210.515309     
       93.10               5.016308              29697             1280.854174     
       93.20               5.016308              29341             1333.436388     
       93.30               5.016308              29514             1315.927991     
       93.40               5.016308              29239             1320.683364     
       93.50               5.016308              29135             1364.360607     
       93.60               5.016308              28781             1411.438707     
       93.70               5.016308              29058             1413.900047     
       93.80               5.016308              29001             1449.548551     
       93.90               5.016308              28857             1424.624923     
       94.00               5.016308              28953             1338.300772     
       94.10               5.016308              29156             1333.784368     
       94.20               5.016308              29188             1400.288303     
       94.30               5.016308              29322             1337.692377     
       94.40               5.016308              29272             1346.266083     
       94.50               5.016308              29261             1337.373124     
       94.60               5.016308              29031             1394.729779     
       94.70               5.016308              28935             1493.631357     
       94.80               5.016308              28976             1497.808374     
       94.90               5.016308              29192             1428.294046     
       95.00               5.016308              29206             1439.981636     
       95.10               5.016308              29360             1508.032169     
       95.20               5.016308              29271             1471.426551     
       95.30               5.016308              29348             1507.748726     
       95.40               5.016308              29209             1414.546110     
       95.50               5.016308              29462             1487.605981     
       95.60               5.016308              29426             1394.577332     
       95.70               5.016308              29518             1336.385897     
       95.80               5.016308              29578             1308.754431     
       95.90               5.016308              29767             1197.054468     
       96.00               5.016308              29544             1088.537862     
       96.10               5.016308              29286             1232.394463     
       96.20               5.016308              29189             1179.061793     
       96.30               5.016308              29150             1193.584289     
       96.40               5.016308              29423             1313.667001     
       96.50               5.016308              29211             1337.058095     
       96.60               5.016308              29263             1393.021085     
       96.70               5.016308              29378             1402.787098     
       96.80               5.016308              29441             1281.890742     
       96.90               5.016308              29063             1249.562081     
       97.00               5.016308              29042             1301.013682     
       97.10               5.016308              28917             1285.497931     
       97.20               5.016308              28987             1236.271833     
       97.30               5.016308              28977             1193.502866     
       97.40               5.016308              28873             1317.102530     
       97.50               5.016308              28890             1301.014588     
       97.60               5.016308              28720             1296.966144     
       97.70               5.016308              28914             1296.133913     
       97.80               5.016308              28632             1258.076602     
       97.90               5.016308              28683             1288.928468     
       98.00               5.016308              28703             1226.083431     
       98.10               5.016308              28770             1193.296722     
       98.20               5.016308              28820             1221.102732     
       98.30               5.016308              29039             1295.430287     
       98.40               5.016308              29094             1325.079514     
       98.50               5.016308              29017             1331.138835     
       98.60               5.016308              29164             1379.575336     
       98.70               5.016308              29347             1272.523090     
       98.80               5.016308              29156             1383.434503     
       98.90               5.016308              29207             1398.844207     
       99.00               5.016308              29216             1316.343122     
       99.10               5.016308              29189             1264.757213     
       99.20               5.016308              29257             1275.987058     
       99.30               5.016308              29619             1331.146687     
       99.40               5.016308              29466             1259.677881     
       99.50               5.016308              29369             1270.926956     
       99.60               5.016308              29000             1284.575929     
       99.70               5.016308              29182             1329.104557     
       99.80               5.016308              29141             1478.935962     
