      tauB          sizeBin        clust_size       Na_bulk         Nb_bulk        NBin_bulk         Na_gas          Nb_gas         NBin_gas         Na_int          Nb_int         NBin_int         Na_bub          Nb_bub         NBin_bub   
      0.00          5.016308         28404            3114            3691            185             9854           10021            1667           12032           11288            749              0               0               0       
      0.10          5.016308         28439            3904            3757            181            10434           10414            1794           10662           10829            626              0               0               0       
      0.20          5.016308         28755            3978            3726            168            10205            9998            1770           10817           11276            663              0               0               0       
      0.30          5.016308         29083            4151            3974            175            10099            9745            1769           10750           11281            657              0               0               0       
      0.40          5.016308         29436            4154            4236            183             9703            9256            1700           11143           11508            718              0               0               0       
      0.50          5.016308         29798            4304            4509            196             9507            8953            1677           11189           11538            728              0               0               0       
      0.60          5.016308         30146            5587            5137            244             9334            8788            1663           10012           11033            684              67              42              10      
      0.70          5.016308         30364            8152            7321            360             9410            8763            1679            7438            8916            562              0               0               0       
      0.80          5.016308         30697            7659            7115            349             9094            8419            1630            8247            9466            622              0               0               0       
      0.90          5.016308         30891            9073            8214            415             9088            8350            1642            6839            8436            544              0               0               0       
      1.00          5.016308         31163            8868            7657            401             8636            7881            1560            7353            9330            617             143             132              23      
      1.10          5.016308         31241            9333            8209            430             8857            8041            1605            6709            8647            550             101             103              16      
      1.20          5.016308         31284            8472            8035            407             8460            7696            1536            7276            9003            594             792             266              64      
      1.30          5.016308         31630            9334            8365            440             8321            7567            1511            7115            8843            603             230             225              47      
      1.40          5.016308         31509            9468            7899            434             8254            7393            1490            6875            9327            596             403             381              81      
      1.50          5.016308         31646            9614            7975            442             8624            7829            1566            6548            9009            555             214             187              38      
      1.60          5.016308         31554            9856            7122            428             8115            7356            1471            6933           10473            686              96              49              16      
      1.70          5.016308         31393            9774            7708            442             8750            7973            1580            6476            9319            579              0               0               0       
      1.80          5.016308         31498            9821            6608            417             7925            7201            1445            6853           10134            659             401             1057             80      
      1.90          5.016308         31386            9925            7451            442             8258            7633            1501            6761            9869            648              56              47              10      
      2.00          5.016308         31445            9681            6415            410             8105            7548            1478            7046           10883            682             168             154              31      
      2.10          5.016308         31369            9511            6550            409             8171            7694            1496            7154           10614            667             164             142              29      
      2.20          5.016308         31252            9692            7239            433             7778            7427            1425            6864            9738            625             666             596             118      
      2.30          5.016308         31293            9759            7468            441             8071            7746            1474            7062            9704            669             108              82              17      
      2.40          5.016308         31117            9562            6156            403             8272            7993            1516            6844           10518            657             322             333              25      
      2.50          5.016308         31223           10299            7307            452             8530            8311            1570            6058            9294            560             113              88              19      
      2.60          5.016308         31181           10403            6833            443             7986            7775            1473            6215           10012            615             396             380              70      
      2.70          5.016308         31092           10124            5747            408             7816            7744            1448            6524           11021            656             536             488              89      
      2.80          5.016308         30966           10746            7038            458             8958            8841            1637            5296            9121            506              0               0               0       
      2.90          5.016308         31061            9879            4910            380             8084            8051            1488            6620           11540            654             417             499              79      
      3.00          5.016308         30869            9996            5316            391             8554            8589            1567            6290           10881            612             160             214              31      
      3.10          5.016308         30768            9963            4854            378             7887            8164            1471            6883           11637            701             267             345              51      
      3.20          5.016308         30714            9004            4240            338             7829            7968            1444            8094           12723            806              73              69              13      
      3.30          5.016308         30597            8875            5045            356             8375            8749            1555            7496           10182            623             254             1024             67      
      3.40          5.016308         30643            9169            4832            358             8336            8580            1539            7233           11242            652             262             346              52      
      3.50          5.016308         30517            9980            5809            404             8566            8989            1589            6346           10056            581             108             146              27      
      3.60          5.016308         30355            9987            4826            378             8382            8797            1555            6354           11066            617             277             311              51      
      3.70          5.016308         30322           10055            4483            370             7838            8320            1471            6376           11438            630             731             759             130      
      3.80          5.016308         30541           10623            5898            422             8652            9109            1612            5622            9784            539             103             209              28      
      3.90          5.016308         30466           10506            5626            411             8641            9242            1613            5853           10132            577              0               0               0       
      4.00          5.016308         30457           10345            4398            374             8333            9023            1577            6257           11510            640              65              69              10      
      4.10          5.016308         30447            9455            3787            335             8244            8948            1561            7217           12183            692              84              82              13      
      4.20          5.016308         30590            9899            3721            345             8245            8693            1538            6588           12315            673             268             271              45      
      4.30          5.016308         30509            9730            4126            351             8103            8660            1521            6842           11899            675             325             315              54      
      4.40          5.016308         30457            9841            3300            332             8157            8698            1526            6704           12600            684             298             402              59      
      4.50          5.016308         30190            9636            3452            331             8492            9126            1588            6764           12295            659             108             127              23      
      4.60          5.016308         30144            9869            3393            335             8524            9306            1603            6561           12246            653              46              55              10      
      4.70          5.016308         30409            9805            3092            325             8314            9108            1573            6779           12671            682             102             129              21      
      4.80          5.016308         30329           10187            3539            346             8170            8950            1547            6539           12352            686             104             159              22      
      4.90          5.016308         30446            9935            3581            340             8154            8902            1544            6869           12445            705              42              72              12      
      5.00          5.016308         30498           10891            4201            380             8477            9299            1614            5632           11500            607              0               0               0       
      5.10          5.016308         30558           10698            3807            365             8374            9272            1599            5928           11921            637              0               0               0       
      5.20          5.016308         30585           10504            3389            349             7978            8855            1530            6379           12615            700             139             141              22      
      5.30          5.016308         30528           10485            3747            357             7838            8662            1501            6489           12363            709             188             228              34      
      5.40          5.016308         30658           10466            3782            358             8049            8993            1558            6391           12131            667              94              94              18      
      5.50          5.016308         30513           11098            4183            385             8157            9205            1584            5664           11521            617              81              91              15      
      5.60          5.016308         30684           10965            4397            387             8042            9061            1545            5847           11376            638             146             166              31      
      5.70          5.016308         30731           11035            3608            369             7938            8874            1527            5790           12232            660             237             286              45      
      5.80          5.016308         30551           11376            4487            400             8144            9207            1583            5480           11306            618              0               0               0       
      5.90          5.016308         30502           11647            4134            398             7976            8871            1542            5239           11817            635             138             178              26      
      6.00          5.016308         30761           11515            3788            386             7782            8815            1518            5604           12266            675              99             131              22      
      6.10          5.016308         30854           11425            4127            392             7891            9028            1550            5594           11780            645              90              65              14      
      6.20          5.016308         30714           11543            3813            387             8067            9093            1570            5355           12023            632              35              71              12      
      6.30          5.016308         30807           11550            4201            397             8056            9211            1588            5394           11588            616              0               0               0       
      6.40          5.016308         30672           11793            4514            411             8127            9367            1603            5003           11021            571              77              98              16      
      6.50          5.016308         30805           11657            4623            411             7845            9046            1557            5415           11190            609              83             141              24      
      6.60          5.016308         31041           11811            4457            412             7945            9124            1567            5175           11357            610              69              62              12      
      6.70          5.016308         30952           11867            4889            426             7987            9275            1587            5030           10702            567             116             134              21      
      6.80          5.016308         31032           11871            4106            407             7998            9298            1584            5131           10929            593              0              667              17      
      6.90          5.016308         30756           11803            2753            370             7984            9260            1583            5213           12987            648              0               0               0       
      7.00          5.016308         30767           11756            1962            347             7813            9320            1568            5375           13612            667              56             106              19      
      7.10          5.016308         30682           11845            2307            357             7971            9494            1604            5184           13199            640              0               0               0       
      7.20          5.016308         30697           11722            2649            362             7615            9146            1539            5530           13021            673             133             184              27      
      7.30          5.016308         30797           11908            2514            364             7437            8944            1508            5304           13214            673             351             328              56      
      7.40          5.016308         30868           11660            2808            366             7468            8978            1501            5461           12750            659             411             464              75      
      7.50          5.016308         30905           11330            2608            355             6749            8110            1372            6164           13396            734             757             886             140      
      7.60          5.016308         30753           11683            2229            353             7046            8443            1414            5409           13333            670             862             995             164      
      7.70          5.016308         30622           12048            2205            361             7809            9336            1564            5083           13351            662              60             108              14      
      7.80          5.016308         30754           11392            2143            342             7375            8948            1490            5935           13561            710             298             348              59      
      7.90          5.016308         30843           11532            2514            354             7534            8868            1489            5681           13242            698             253             376              60      
      8.00          5.016308         30745           11033            2578            343             7763            9262            1545            6066           13004            686             138             156              27      
      8.10          5.016308         30608           11730            2805            366             8167            9793            1626            5103           12402            609              0               0               0       
      8.20          5.016308         30498           11203            2611            347             7915            9614            1588            5722           12647            644             160             128              22      
      8.30          5.016308         30413           11837            3086            374             8172            9989            1633            4991           11925            594              0               0               0       
      8.40          5.016308         30407           11078            2778            347             7799            9438            1559            6001           12581            665             122             203              30      
      8.50          5.016308         30481           11680            2969            367             7978            9669            1595            5284           12255            625              58             107              14      
      8.60          5.016308         30404           10589            2637            332             7829            9584            1573            5850           12758            677             732              21              19      
      8.70          5.016308         30385           11931            3337            384             7847            9600            1585            5064           11848            601             158             215              31      
      8.80          5.016308         30500           10637            2439            328             7254            8808            1461            5639           13289            713             1470            464              99      
      8.90          5.016308         30564           12038            3018            378             7345            9123            1511            5113           12332            630             504             527              82      
      9.00          5.016308         30713           12434            3175            392             8123            9985            1640            4443           11840            569              0               0               0       
      9.10          5.016308         30532           12048            2228            359             7866            9688            1597            5086           13084            645              0               0               0       
      9.20          5.016308         30634           11990            2170            356             7365            9080            1499            5425           13480            698             220             270              48      
      9.30          5.016308         30632           12283            1995            359             7248            8973            1492            5375           13913            729              94             119              21      
      9.40          5.016308         30711           12340            2269            367             7377            9237            1517            5044           13181            665             239             313              52      
      9.50          5.016308         30783           12246            2354            367             7119            8960            1470            5434           13388            715             201             298              49      
      9.60          5.016308         30777           12533            2693            383             7378            9361            1538            5089           12946            680              0               0               0       
      9.70          5.016308         31001           12518            2622            382             7099            8905            1478            5179           13185            699             204             288              42      
      9.80          5.016308         31067           12826            3079            402             7681            9608            1580            4381           12170            596             112             143              23      
      9.90          5.016308         30979           12690            2883            394             7671            9607            1589            4526           12362            596             113             148              22      
     10.00          5.016308         30803           12808            3261            406             7723            9731            1597            4381           11878            580              88             130              18      
     10.10          5.016308         30813           12515            2671            383             7817            9940            1617            4668           12389            601              0               0               0       
     10.20          5.016308         30989           12363            2311            369             7519            9729            1584            5076           12899            638              42              61              10      
     10.30          5.016308         30899           12227            2730            376             7672            9848            1604            5101           12422            621              0               0               0       
     10.40          5.016308         30739           12300            2647            376             7265            9097            1501            5189           12949            678             246             307              46      
     10.50          5.016308         30841           12097            2212            360             7249            9145            1504            5467           13411            703             187             232              34      
     10.60          5.016308         30834           12569            2856            389             7453            9494            1554            4916           12594            648              62              56              10      
     10.70          5.016308         30852           13220            3555            423             7862            9876            1623            3918           11569            555              0               0               0       
     10.80          5.016308         30954           12551            2440            377             7271            9163            1525            5015           13162            668             163             235              31      
     10.90          5.016308         31024           12779            2496            385             7059            9074            1506            4983           13239            674             179             191              36      
     11.00          5.016308         31231           13208            3594            424             7747            9761            1625            3987           11567            542              58              78              10      
     11.10          5.016308         31235           12970            3575            418             7721            9651            1615            4309           11774            568              0               0               0       
     11.20          5.016308         31297           12478            2948            390             6863            8662            1472            5187           12824            649             472             566              90      
     11.30          5.016308         31123           12712            3130            400             7608            9592            1600            4680           12278            601              0               0               0       
     11.40          5.016308         31088           12794            3444            410             7744            9752            1627            4462           11804            564              0               0               0       
     11.50          5.016308         31107           12842            3269            407             7391            9465            1574            4698           12170            605              69              96              15      
     11.60          5.016308         31373           12999            3420            415             7577            9553            1597            4424           12027            589              0               0               0       
     11.70          5.016308         31201           13145            3568            423             7256            9243            1546            4544           12124            622              55              65              10      
     11.80          5.016308         31260           13066            3193            413             7239            9287            1543            4695           12520            645              0               0               0       
     11.90          5.016308         31418           12930            2810            400             6655            8366            1411            5150           13413            727             265             411              63      
     12.00          5.016308         31454           13008            3057            408             6919            8849            1480            4765           12691            647             308             403              66      
     12.10          5.016308         31280           12936            2763            399             6752            8581            1435            5066           13369            719             246             287              48      
     12.20          5.016308         31199           13014            2986            407             7579            9679            1603            4407           12335            591              0               0               0       
     12.30          5.016308         31279           12637            2683            389             7067            9117            1516            5217           13072            675              79             128              21      
     12.40          5.016308         31270           12737            2592            389             7129            9295            1541            5134           13113            671              0               0               0       
     12.50          5.016308         31392           12699            2606            387             7551            9749            1604            4677           12552            596              73              93              14      
     12.60          5.016308         31195           12531            2424            377             7221            9311            1534            5206           13200            680              42              65              10      
     12.70          5.016308         31225           12758            2907            394             7489            9711            1607            4753           12382            600              0               0               0       
     12.80          5.016308         31365           13017            3199            408             7559            9806            1621            4424           11995            572              0               0               0       
     12.90          5.016308         31475           11395            1987            337             6841            8722            1455            6452           13894            752             312             397              57      
     13.00          5.016308         31253           12023            2143            357             6894            8743            1462            5677           13577            698             406             537              84      
     13.10          5.016308         31329           12642            2701            387             7245            9307            1544            4992           12789            635             121             203              35      
     13.20          5.016308         31228           12689            2828            393             6836            8766            1448            5099           12789            657             376             617             103      
     13.30          5.016308         31275           12376            2603            379             7318            9456            1568            5306           12941            654              0               0               0       
     13.40          5.016308         31295           12658            2933            394             7523            9740            1612            4819           12327            595              0               0               0       
     13.50          5.016308         31316           12709            2477            384             7184            9244            1538            4924           13069            646             183             210              33      
     13.60          5.016308         31231           12825            2590            390             7294            9366            1555            4881           13044            656              0               0               0       
     13.70          5.016308         31347           13128            3257            415             7297            9453            1566            4525           12204            604              50              86              16      
     13.80          5.016308         31529           12295            2393            372             6804            8799            1460            5672           13428            704             229             380              65      
     13.90          5.016308         31440           12528            2650            385             6939            9023            1500            5340           13030            674             193             297              42      
     14.00          5.016308         31383           12294            2502            375             7049            9309            1534            5657           13189            692              0               0               0       
     14.10          5.016308         31272           12602            2849            392             7189            9373            1530            5033           12526            640             176             252              39      
     14.20          5.016308         31261           11866            2466            364             6684            8643            1428            6189           13521            750             261             370              59      
     14.30          5.016308         31404           12554            2820            391             7275            9662            1567            5171           12518            643              0               0               0       
     14.40          5.016308         31046           11484            2006            342             6581            8720            1431            6616           13834            763             319             440              65      
     14.50          5.016308         30794           10944            1382            311             6836            9280            1484            7063           14142            773             157             196              33      
     14.60          5.016308         30757           11434            1660            330             6949            9193            1475            6531           14019            772              86             128              24      
     14.70          5.016308         30984           12509            2459            378             7331            9748            1567            5160           12793            656              0               0               0       
     14.80          5.016308         30824           11985            1462            338             7171            9680            1553            5788           13790            698              56              68              12      
     14.90          5.016308         30956           11850            1210            327             7177            9656            1542            5973           14134            732              0               0               0       
     15.00          5.016308         30979           11902            1339            332             6797            9372            1497            6216           14188            753              85             101              19      
     15.10          5.016308         30741           11957            1215            330             7193            9846            1572            5783           13869            685              67              70              14      
     15.20          5.016308         30764           12921            1876            372             7314           10111            1594            4710           12937            621              55              76              14      
     15.30          5.016308         30760           12479            1493            350             7063            9635            1536            5357           13667            682             101             205              33      
     15.40          5.016308         30860           12711            1848            365             6988            9463            1512            5166           13486            697             135             203              27      
     15.50          5.016308         30853           12860            1587            362             6865            9591            1508            4978           13397            665             297             425              66      
     15.60          5.016308         30887           13072            1950            376             7191           10063            1581            4639           12916            633              98              71              11      
     15.70          5.016308         30842           13036            2044            377             6962            9594            1521            4774           12888            643             228             474              60      
     15.80          5.016308         30875           13149            2218            384             6961            9656            1527            4833           13063            679              57              63              11      
     15.90          5.016308         30881           13142            2165            383             7169            9892            1567            4689           12943            651              0               0               0       
     16.00          5.016308         30736           13058            2098            379             6729            9268            1470            4908           13092            672             305             542              80      
     16.10          5.016308         30915           12539            1807            359             6793            9400            1495            5453           13455            701             215             338              46      
     16.20          5.016308         30973           12691            1813            363             6434            9072            1448            5785           13974            772              90             141              18      
     16.30          5.016308         31110           12637            2064            369             6656            8970            1458            5514           13652            737             193             314              37      
     16.40          5.016308         31287           13000            1983            377             6895            9505            1525            4902           13281            662             203             231              37      
     16.50          5.016308         31275           13123            2385            390             7329           10032            1607            4548           12583            604              0               0               0       
     16.60          5.016308         31408           13159            2572            396             7316            9820            1578            4479           12530            615              46              78              12      
     16.70          5.016308         31404           13043            2536            393             7390            9937            1594            4567           12527            614              0               0               0       
     16.80          5.016308         31460           13153            2353            391             7406           10001            1599            4349           12474            585              92             172              26      
     16.90          5.016308         31365           13229            2417            394             7381            9876            1587            4332           12600            608              58             107              12      
     17.00          5.016308         31103           11865            1444            334             6993            9539            1527            5943           13750            694             199             267              46      
     17.10          5.016308         30863           12707            1868            366             6628            8958            1432            5315           13703            728             350             471              75      
     17.20          5.016308         30763           12926            1986            375             7163            9823            1564            4835           13071            647              76             120              15      
     17.30          5.016308         30677           12867            2029            374             7283            9936            1581            4785           12975            635              65              60              11      
     17.40          5.016308         30953           12737            2137            374             6928            9465            1524            5165           13157            670             170             241              33      
     17.50          5.016308         30985           12560            1816            361             6715            9237            1474            5578           13741            731             147             206              35      
     17.60          5.016308         30995           12606            1767            360             6425            9030            1460            5807           14035            750             162             168              31      
     17.70          5.016308         31066           12254            1736            351             6826            9379            1511            5920           13885            739              0               0               0       
     17.80          5.016308         31329           12912            1892            371             6633            9056            1460            5205           13659            703             250             393              67      
     17.90          5.016308         31288           13142            2416            390             6996            9537            1547            4777           12960            649              85              87              15      
     18.00          5.016308         31361           12976            2079            378             6660            9056            1483            5237           13680            712             127             185              28      
     18.10          5.016308         31503           12736            1980            369             6593            9010            1476            5509           13813            730             162             197              26      
     18.20          5.016308         31507           12888            2017            373             6607            9061            1491            5441           13850            724              64              72              13      
     18.30          5.016308         31479           12976            2203            380             6943            9381            1545            4973           13279            655             108             137              21      
     18.40          5.016308         31649           12964            2073            376             6617            8927            1475            5155           13576            685             264             424              65      
     18.50          5.016308         31560           12834            2265            377             6338            8603            1429            5566           13788            744             262             344              51      
     18.60          5.016308         32123           12905            2251            379             6294            8540            1441            5441           13766            715             360             443              66      
     18.70          5.016308         32157           12806            2209            376             5859            7958            1325            5824           14299            808             511             534              92      
     18.80          5.016308         32045           13057            2760            397             6531            8742            1477            5168           13258            688             244             240              39      
     18.90          5.016308         32072           13102            2758            398             6869            9139            1542            4971           13043            651              58              60              10      
     19.00          5.016308         31852           12832            2437            383             6607            8710            1478            5371           13521            685             190             332              55      
     19.10          5.016308         31837           12882            2322            382             6009            7840            1343            5784           14295            786             325             543              90      
     19.20          5.016308         31948           13032            2522            391             6448            8397            1439            5455           13963            756              65             118              15      
     19.30          5.016308         32055           13078            2940            403             6812            8869            1523            5002           13024            647             108             167              28      
     19.40          5.016308         32119           13472            3511            429             6934            9038            1547            4594           12451            625              0               0               0       
     19.50          5.016308         32072           12942            2822            398             6529            8504            1459            5348           13391            697             181             283              47      
     19.60          5.016308         32197           13196            2756            403             6402            8451            1460            5175           13502            691             227             291              47      
     19.70          5.016308         32209           13123            2615            397             6416            8342            1444            5166           13605            683             295             438              77      
     19.80          5.016308         32126           12917            2581            390             6365            8502            1448            5523           13649            714             195             268              49      
     19.90          5.016308         32021           12799            2615            388             6627            8701            1488            5329           13319            664             245             365              61      
     20.00          5.016308         32064           12480            2170            367             6004            8068            1374            5907           13905            717             609             857             143      
     20.10          5.016308         32023           12586            2239            371             6199            8244            1394            5714           13842            724             501             675             112      
     20.20          5.016308         31893           12556            2245            370             6593            8906            1502            5647           13643            691             204             206              38      
     20.30          5.016308         32031           13099            2740            396             6696            8978            1526            5101           13168            660             104             114              19      
     20.40          5.016308         31785           12794            2502            382             6936            9325            1571            5206           13111            637              64              62              11      
     20.50          5.016308         31966           13041            3163            405             7101            9433            1593            4858           12404            603              0               0               0       
     20.60          5.016308         32022           12776            2647            386             6567            8806            1501            5525           13383            690             132             164              24      
     20.70          5.016308         32038           12992            2852            397             6787            8982            1524            5221           13166            680              0               0               0       
     20.80          5.016308         32085           12863            2636            388             6596            8748            1488            5439           13443            696             102             173              29      
     20.90          5.016308         32175           12831            2878            393             6692            8908            1517            5477           13214            691              0               0               0       
     21.00          5.016308         32197           12467            2696            380             6212            8189            1408            5966           13643            733             355             472              80      
     21.10          5.016308         32350           13100            3216            409             6791            9006            1547            5109           12778            645              0               0               0       
     21.20          5.016308         32256           12691            2907            391             6481            8670            1479            5484           12994            650             344             429              81      
     21.30          5.016308         32465           12933            3226            406             6650            8719            1503            5308           12875            665             109             180              27      
     21.40          5.016308         32574           12682            3208            399             6594            8664            1490            5147           12882            662             577             246              50      
     21.50          5.016308         32421           13010            2861            399             6638            8715            1501            5253           13282            679              99             142              22      
     21.60          5.016308         32294           13051            2970            403             6551            8573            1486            5191           13173            665             207             284              47      
     21.70          5.016308         32374           12990            3009            402             6192            8153            1416            5501           13388            708             317             450              75      
     21.80          5.016308         32473           13482            3434            426             6634            8663            1512            4833           12827            653              51              76              10      
     21.90          5.016308         32437           13289            3044            411             5957            7719            1364            5541           13870            772             213             367              54      
     22.00          5.016308         32883           12831            2620            389             5689            7347            1304            6160           14502            822             320             531              86      
     22.10          5.016308         32846           13022            3067            405             6209            8021            1426            5578           13671            722             191             241              48      
     22.20          5.016308         32885           12715            2821            390             6257            8022            1440            5867           13909            732             161             248              39      
     22.30          5.016308         32606           12943            3018            401             6361            8139            1452            5557           13653            710             139             190              38      
     22.40          5.016308         32784           12930            2856            396             6474            8325            1482            5467           13661            692             129             158              31      
     22.50          5.016308         32856           12740            2649            386             6254            7956            1430            5967           14330            774              39              65              11      
     22.60          5.016308         32864           12976            3170            406             6538            8373            1498            5486           13457            697              0               0               0       
     22.70          5.016308         32856           12937            3387            411             6004            7637            1373            5640           13426            716             419             550             101      
     22.80          5.016308         32965           12979            3102            406             6314            7984            1419            5255           13342            667             452             572             109      
     22.90          5.016308         32962           12977            2956            402             6316            8043            1435            5334           13534            678             373             467              86      
     23.00          5.016308         32887           12317            2395            371             6455            8038            1432            6038           14242            741             190             325              57      
     23.10          5.016308         32680           13096            2950            405             6619            8385            1481            5099           13439            673             186             226              42      
     23.20          5.016308         32904           12612            2837            390             6268            7962            1406            5801           13761            726             319             440              79      
     23.30          5.016308         32356           12747            2740            391             6641            8478            1478            5317           13388            663             295             394              69      
     23.40          5.016308         32559           12643            2493            381             6730            8506            1483            5455           13736            688             172             265              49      
     23.50          5.016308         32276           12234            2306            366             6126            7959            1388            6459           14428            798             181             307              49      
     23.60          5.016308         32152           12568            3015            393             6686            8664            1485            5513           13018            666             233             303              57      
     23.70          5.016308         32179           12681            3098            397             6866            8924            1533            5319           12809            639             134             169              32      
     23.80          5.016308         31959           12588            2756            386             7044            9141            1558            5297           13003            639              71             100              18      
     23.90          5.016308         31618           12707            2855            391             7023            9075            1552            5217           12975            646              53              95              12      
     24.00          5.016308         31769           12690            3054            396             6701            8705            1499            5406           13014            672             203             227              34      
     24.10          5.016308         31919           12737            3165            400             6874            8858            1532            5259           12821            644             130             156              25      
     24.20          5.016308         32049           13024            3146            406             6659            8600            1489            4927           12788            634             390             466              72      
     24.30          5.016308         32246           12499            2403            374             6652            8570            1485            5726           13846            713             123             181              29      
     24.40          5.016308         32356           12740            3326            404             6610            8480            1480            5450           12917            672             200             277              45      
     24.50          5.016308         32328           12793            3261            404             6664            8479            1477            5405           13099            687             138             161              33      
     24.60          5.016308         32280           12312            3055            387             6466            8233            1423            5940           13359            722             282             353              69      
     24.70          5.016308         32298           12213            2969            382             6640            8520            1483            6060           13404            717              87             107              19      
     24.80          5.016308         32272           12334            3005            385             6744            8670            1500            5922           13325            716              0               0               0       
     24.90          5.016308         32058           12309            2747            378             6904            8839            1527            5667           13274            669             120             140              27      
     25.00          5.016308         31969           12249            2738            376             6742            8662            1491            5811           13345            688             198             255              46      
     25.10          5.016308         31988           11766            2528            358             6557            8377            1454            6461           13783            736             216             312              53      
     25.20          5.016308         32003           12166            2785            375             6665            8484            1469            6020           13478            710             149             253              47      
     25.30          5.016308         32081           12331            3015            385             6906            8797            1526            5763           13188            690              0               0               0       
     25.40          5.016308         32138           12632            3510            406             6890            8741            1523            5360           12583            643             118             166              29      
     25.50          5.016308         32196           12209            3088            385             6675            8567            1496            5995           13175            691             121             170              29      
     25.60          5.016308         32400           12845            3624            415             6972            8956            1548            5118           12324            619              65              96              19      
     25.70          5.016308         32353           12645            3399            405             6382            8165            1433            5687           13087            700             286             349              63      
     25.80          5.016308         32258           12519            3429            403             6463            8249            1456            5880           13167            718             138             155              24      
     25.90          5.016308         32463           12820            3551            414             6867            8767            1535            5243           12565            632              70             117              20      
     26.00          5.016308         32620           12948            3571            417             7081            8931            1568            4971           12498            616              0               0               0       
     26.10          5.016308         32477           13270            4184            442             6952            8804            1550            4778           12012            609              0               0               0       
     26.20          5.016308         32445           12805            3505            413             6755            8593            1511            5440           12902            677              0               0               0       
     26.30          5.016308         32196           12847            3339            409             6319            7987            1412            5561           13330            718             273             344              62      
     26.40          5.016308         32297           12744            2930            396             6347            8109            1426            5645           13602            719             264             359              60      
     26.50          5.016308         32456           12891            3369            411             6823            8663            1525            5216           12894            651              70              74              14      
     26.60          5.016308         32485           12590            2643            384             6748            8527            1506            5662           13830            711              0               0               0       
     26.70          5.016308         32425           12717            3117            400             6322            7963            1413            5792           13679            746             169             241              42      
     26.80          5.016308         32548           13086            3887            430             6901            8709            1536            5013           12404            635              0               0               0       
     26.90          5.016308         32416           12535            2612            383             6807            8664            1519            5549           13592            675             109             132              24      
     27.00          5.016308         32306           12528            2829            388             6755            8568            1503            5675           13534            697              42              69              13      
     27.10          5.016308         32249           12174            2254            365             6382            8055            1406            6025           14120            727             419             571             103      
     27.20          5.016308         32187           12954            3404            414             6870            8804            1517            5043           12598            638             133             194              32      
     27.30          5.016308         32096           12353            2505            376             6315            8232            1407            5798           13613            702             534             650             116      
     27.40          5.016308         31913           12559            2876            390             6560            8450            1447            5719           13432            726             162             242              38      
     27.50          5.016308         31773           12779            3089            401             6798            8881            1510            5354           12956            677              69              74              13      
     27.60          5.016308         31778           12609            3170            398             6753            8769            1496            5530           12896            684             108             165              23      
     27.70          5.016308         31766           12757            3337            406             6822            8841            1504            5229           12606            652             192             216              39      
     27.80          5.016308         31846           12476            3171            394             7005            9050            1542            5455           12673            650              64             106              15      
     27.90          5.016308         31850           12794            3378            408             7127            9257            1573            5079           12365            620              0               0               0       
     28.00          5.016308         31870           12734            3549            412             6875            8907            1520            5280           12439            649             111             105              20      
     28.10          5.016308         32001           12419            3360            399             6666            8552            1467            5702           12858            691             213             230              44      
     28.20          5.016308         32042           12601            3482            407             6872            8797            1503            5400           12557            664             127             164              27      
     28.30          5.016308         32167           12615            3128            398             7099            8974            1538            5210           12774            642              76             124              23      
     28.40          5.016308         32000           12628            2989            395             6382            8118            1410            5764           13581            744             226             312              52      
     28.50          5.016308         32118           12663            3121            400             6928            8847            1521            5366           12957            670              43              75              10      
     28.60          5.016308         32214           12945            3368            413             7125            9076            1552            4930           12556            636              0               0               0       
     28.70          5.016308         32091           12078            2460            368             6718            8532            1462            6096           13840            745             108             168              26      
     28.80          5.016308         31865           12070            2365            365             6814            8686            1473            5950           13711            721             166             238              42      
     28.90          5.016308         31784           11238            2403            345             6042            7744            1327            7120           14081            805             600             772             124      
     29.00          5.016308         31818           12492            2882            389             6746            8617            1474            5573           13260            694             189             241              44      
     29.10          5.016308         31827           12075            2732            374             6633            8504            1452            5949           13313            703             343             451              72      
     29.20          5.016308         31759           12215            2927            382             6999            8999            1531            5786           13074            688              0               0               0       
     29.30          5.016308         31762           11909            2601            366             6759            8572            1468            6189           13646            734             143             181              33      
     29.40          5.016308         31811           11819            2972            372             6920            8738            1510            6134           13123            693             127             167              26      
     29.50          5.016308         31911           12039            2979            377             6950            8812            1524            6011           13209            700              0               0               0       
     29.60          5.016308         31894           12243            3245            389             7246            9097            1572            5440           12575            628              71              83              12      
     29.70          5.016308         31855           12169            3216            386             7081            8912            1543            5684           12787            657              66              85              15      
     29.80          5.016308         32047           11851            2960            372             6709            8455            1472            6234           13273            710             206             312              47      
     29.90          5.016308         32115           12522            3443            402             6823            8601            1486            5449           12673            665             206             283              48      
     30.00          5.016308         32071           12285            3340            395             6935            8787            1516            5627           12695            658             153             178              32      
     30.10          5.016308         32058           12207            3047            386             6480            8246            1427            6091           13414            738             222             293              50      
     30.20          5.016308         32007           12076            2994            381             6803            8607            1492            5887           13087            678             234             312              50      
     30.30          5.016308         32142           11750            2603            363             6379            8123            1414            6724           14092            792             147             182              32      
     30.40          5.016308         32119           11952            2521            366             6365            8096            1408            6230           13790            733             453             593              94      
     30.50          5.016308         32012           11978            2623            369             6584            8280            1446            6197           13735            730             241             362              56      
