        tauB               sizeBin             clust_size          interface_id       press_align_bub1     press_align_bub2     press_align_bub3     press_align_bub4     press_align_bub5  
        0.00               5.025009                10                   1                   nan                0.000000             0.000000             0.000000             0.000000      
        0.10               5.025009               2506                  1                   nan                0.000000             0.000000             0.000000             0.000000      
        0.20               5.025009               2679                  1                   nan                0.000000             0.000000             0.000000             0.000000      
        0.30               5.025009               3822                  1               -150.746646            0.000000             0.000000             0.000000             0.000000      
        0.40               5.025009               7932                  1               -211.683300            0.000000             0.000000             0.000000             0.000000      
        0.50               5.025009               2028                  1                117.328248              nan                0.000000             0.000000             0.000000      
        0.60               5.025009               2712                  1               -112.137110              nan                0.000000             0.000000             0.000000      
        0.70               5.025009               3510                  1                44.506971             0.000000             0.000000             0.000000             0.000000      
        0.80               5.025009               4310                  1               -819.698875              nan                0.000000             0.000000             0.000000      
        0.90               5.025009               5091                  1              -11698.585734           0.000000             0.000000             0.000000             0.000000      
        1.00               5.025009               6268                  1               1482.164654            0.000000             0.000000             0.000000             0.000000      
        1.10               5.025009              13954                  1               3141.032554           194.280231            0.000000             0.000000             0.000000      
        1.20               5.025009              12834                  1              -16167.945027           0.000000             0.000000             0.000000             0.000000      
        1.30               5.025009              14612                  1               5692.108660            0.000000             0.000000             0.000000             0.000000      
        1.40               5.025009              16613                  1               2333.298704           640.814762           -71.575339            0.000000             0.000000      
        1.50               5.025009              18468                  1               3897.617079            0.000000             0.000000             0.000000             0.000000      
        1.60               5.025009              20135                  1               1803.390699           27.164691           -111.510470            0.000000             0.000000      
        1.70               5.025009              21743                  1               10031.276895         2680.441268           -10.070052            8.134763               nan         
        1.80               5.025009              38260                  1               14452.275404         12202.022201           0.000000             0.000000             0.000000      
        1.90               5.025009              40299                  1               17117.110362           0.000000             0.000000             0.000000             0.000000      
        2.00               5.025009              57773                  2               5970.342475          5027.158381          3061.424650            0.000000             0.000000      
        2.10               5.025009              59767                  2               10625.128385         4480.381226          3991.368774            0.000000             0.000000      
        2.20               5.025009              61344                  1               4645.451373          5537.443618            0.000000             0.000000             0.000000      
        2.30               5.025009              62574                  1               20102.952761           0.000000             0.000000             0.000000             0.000000      
        2.40               5.025009              63697                  1               3882.516595          1801.827932            0.000000             0.000000             0.000000      
        2.50               5.025009              64598                  1               4365.527041          1065.063386           266.846111            0.000000             0.000000      
        2.60               5.025009              65195                  2               3375.370969          3785.924504           57.737692             0.000000             0.000000      
        2.70               5.025009              65900                  1               4017.031918            0.000000             0.000000             0.000000             0.000000      
        2.80               5.025009              66467                  1               4771.529748            0.000000             0.000000             0.000000             0.000000      
        2.90               5.025009              66909                  1               9249.897776            0.000000             0.000000             0.000000             0.000000      
        3.00               5.025009              67040                  1               9946.207845            0.000000             0.000000             0.000000             0.000000      
        3.10               5.025009              67207                  1                933.710977            0.000000             0.000000             0.000000             0.000000      
        3.20               5.025009              67512                  1               8333.437648            0.000000             0.000000             0.000000             0.000000      
        3.30               5.025009              67757                  1               9853.834713            0.000000             0.000000             0.000000             0.000000      
        3.40               5.025009              67973                  1               9491.176699            0.000000             0.000000             0.000000             0.000000      
        3.50               5.025009              68194                  1               9123.686869            0.000000             0.000000             0.000000             0.000000      
        3.60               5.025009              68269                  1               7044.717979            0.000000             0.000000             0.000000             0.000000      
        3.70               5.025009              68354                  1               9041.409862            0.000000             0.000000             0.000000             0.000000      
        3.80               5.025009              68365                  1               9301.471060            0.000000             0.000000             0.000000             0.000000      
        3.90               5.025009              68090                  1               9464.010387            0.000000             0.000000             0.000000             0.000000      
        4.00               5.025009              68039                  1               9221.794965            0.000000             0.000000             0.000000             0.000000      
        4.10               5.025009              67946                  1               9438.007055            0.000000             0.000000             0.000000             0.000000      
        4.20               5.025009              68132                  1               9202.203798            0.000000             0.000000             0.000000             0.000000      
        4.30               5.025009              68412                  1               3076.321868            0.000000             0.000000             0.000000             0.000000      
        4.40               5.025009              68463                  1               8512.569609            0.000000             0.000000             0.000000             0.000000      
        4.50               5.025009              68634                  1               8492.593753            0.000000             0.000000             0.000000             0.000000      
        4.60               5.025009              87576                  1               3877.021779            0.000000             0.000000             0.000000             0.000000      
        4.70               5.025009              68769                  1               3816.280164            0.000000             0.000000             0.000000             0.000000      
        4.80               5.025009              87260                  1               3728.918334            0.000000             0.000000             0.000000             0.000000      
        4.90               5.025009              69157                  1               3889.049222            0.000000             0.000000             0.000000             0.000000      
        5.00               5.025009              87298                  1               3843.989355            0.000000             0.000000             0.000000             0.000000      
        5.10               5.025009              87290                  1               3095.313578            0.000000             0.000000             0.000000             0.000000      
        5.20               5.025009              87299                  1               4158.143778            0.000000             0.000000             0.000000             0.000000      
        5.30               5.025009              87174                  1               3046.233715            0.000000             0.000000             0.000000             0.000000      
        5.40               5.025009              87324                  1               2525.912456            0.000000             0.000000             0.000000             0.000000      
        5.50               5.025009              87341                  1               2347.277961            0.000000             0.000000             0.000000             0.000000      
        5.60               5.025009              87241                  1               2819.015291            0.000000             0.000000             0.000000             0.000000      
        5.70               5.025009              87260                  1               2361.890838            0.000000             0.000000             0.000000             0.000000      
        5.80               5.025009              87331                  1               2413.851888            0.000000             0.000000             0.000000             0.000000      
        5.90               5.025009              87560                  1               3148.798408            0.000000             0.000000             0.000000             0.000000      
        6.00               5.025009              87859                  1               19999.192130           0.000000             0.000000             0.000000             0.000000      
        6.10               5.025009              87933                  1               3250.338126            0.000000             0.000000             0.000000             0.000000      
        6.20               5.025009              87909                  1               2538.524518            0.000000             0.000000             0.000000             0.000000      
        6.30               5.025009              87776                  1               2561.209404            0.000000             0.000000             0.000000             0.000000      
        6.40               5.025009              87707                  1               3314.323345            0.000000             0.000000             0.000000             0.000000      
        6.50               5.025009              87474                  1               3800.350494            0.000000             0.000000             0.000000             0.000000      
        6.60               5.025009              87152                  1               3375.785352            0.000000             0.000000             0.000000             0.000000      
        6.70               5.025009              87033                  1               4228.952138            0.000000             0.000000             0.000000             0.000000      
        6.80               5.025009              87018                  1               4249.564284            0.000000             0.000000             0.000000             0.000000      
        6.90               5.025009              87040                  1               3364.344853            0.000000             0.000000             0.000000             0.000000      
        7.00               5.025009              86881                  1               3069.901928            0.000000             0.000000             0.000000             0.000000      
        7.10               5.025009              87039                  1               3244.411902            0.000000             0.000000             0.000000             0.000000      
        7.20               5.025009              86827                  1               3827.488909            0.000000             0.000000             0.000000             0.000000      
        7.30               5.025009              86816                  1               4160.274118            0.000000             0.000000             0.000000             0.000000      
        7.40               5.025009              86722                  1               3481.124282            0.000000             0.000000             0.000000             0.000000      
        7.50               5.025009              86651                  1               3449.377882            0.000000             0.000000             0.000000             0.000000      
        7.60               5.025009              86854                  1               3388.228701            0.000000             0.000000             0.000000             0.000000      
        7.70               5.025009              86847                  1               3218.637914            0.000000             0.000000             0.000000             0.000000      
        7.80               5.025009              86626                  1               3351.481072            0.000000             0.000000             0.000000             0.000000      
        7.90               5.025009              86697                  1               3487.105179            0.000000             0.000000             0.000000             0.000000      
        8.00               5.025009              86660                  1               3452.512439            0.000000             0.000000             0.000000             0.000000      
        8.10               5.025009              86523                  1               3538.937250            0.000000             0.000000             0.000000             0.000000      
        8.20               5.025009              86959                  1               3422.152618            0.000000             0.000000             0.000000             0.000000      
        8.30               5.025009              87124                  1               4262.058718            0.000000             0.000000             0.000000             0.000000      
        8.40               5.025009              87251                  1               3502.576493            0.000000             0.000000             0.000000             0.000000      
        8.50               5.025009              87388                  1               3376.338486            0.000000             0.000000             0.000000             0.000000      
        8.60               5.025009              87565                  1               3194.012331            0.000000             0.000000             0.000000             0.000000      
        8.70               5.025009              87466                  1               3163.615621            0.000000             0.000000             0.000000             0.000000      
        8.80               5.025009              87401                  1               3795.275304            0.000000             0.000000             0.000000             0.000000      
        8.90               5.025009              87092                  1               3874.495485            0.000000             0.000000             0.000000             0.000000      
        9.00               5.025009              86953                  1               -4253.385890           0.000000             0.000000             0.000000             0.000000      
        9.10               5.025009              86598                  1               4082.931491            0.000000             0.000000             0.000000             0.000000      
        9.20               5.025009              86336                  1               3317.468058            0.000000             0.000000             0.000000             0.000000      
        9.30               5.025009              86001                  1               3265.024987            0.000000             0.000000             0.000000             0.000000      
        9.40               5.025009              85487                  1               3525.714793            0.000000             0.000000             0.000000             0.000000      
        9.50               5.025009              85094                  2               3512.584132            0.000000             0.000000             0.000000             0.000000      
        9.60               5.025009              85355                  1               3708.832185           -57.588863            0.000000             0.000000             0.000000      
        9.70               5.025009              85433                  1               3645.046254            0.000000             0.000000             0.000000             0.000000      
        9.80               5.025009              85627                  1               3714.093194            0.000000             0.000000             0.000000             0.000000      
        9.90               5.025009              85916                  1               3627.232662            0.000000             0.000000             0.000000             0.000000      
       10.00               5.025009              86266                  1               4267.307729            0.000000             0.000000             0.000000             0.000000      
       10.10               5.025009              86517                  1               3472.849130            0.000000             0.000000             0.000000             0.000000      
       10.20               5.025009              86606                  1               4043.124798            0.000000             0.000000             0.000000             0.000000      
       10.30               5.025009              86802                  1               5606.899295            0.000000             0.000000             0.000000             0.000000      
       10.40               5.025009              87045                  1               3793.070831            0.000000             0.000000             0.000000             0.000000      
       10.50               5.025009              87374                  1               3713.955785            0.000000             0.000000             0.000000             0.000000      
       10.60               5.025009              87310                  1               3340.609826            0.000000             0.000000             0.000000             0.000000      
       10.70               5.025009              87479                  1               3654.192857            0.000000             0.000000             0.000000             0.000000      
       10.80               5.025009              87607                  1               3782.543269            0.000000             0.000000             0.000000             0.000000      
       10.90               5.025009              87618                  1               3631.343315            0.000000             0.000000             0.000000             0.000000      
       11.00               5.025009              87385                  1               3848.993818            0.000000             0.000000             0.000000             0.000000      
       11.10               5.025009              87417                  1               3589.727122            0.000000             0.000000             0.000000             0.000000      
       11.20               5.025009              87635                  1               2625.150528            0.000000             0.000000             0.000000             0.000000      
       11.30               5.025009              82289                  1               3419.843189            0.000000             0.000000             0.000000             0.000000      
       11.40               5.025009              82902                  1               3492.226112           -20.577366            0.000000             0.000000             0.000000      
       11.50               5.025009              83468                  1               3479.704634            0.000000             0.000000             0.000000             0.000000      
       11.60               5.025009              83682                  1               3333.324421            0.000000             0.000000             0.000000             0.000000      
       11.70               5.025009              83757                  1               3556.068223            0.000000             0.000000             0.000000             0.000000      
       11.80               5.025009              83942                  1               3395.352830            0.000000             0.000000             0.000000             0.000000      
       11.90               5.025009              87059                  1               4705.829295            0.000000             0.000000             0.000000             0.000000      
       12.00               5.025009              87181                  1               2532.451158           -13.060185            0.000000             0.000000             0.000000      
       12.10               5.025009              87302                  1               3320.993642            0.000000             0.000000             0.000000             0.000000      
       12.20               5.025009              87044                  1               3328.499144            0.000000             0.000000             0.000000             0.000000      
       12.30               5.025009              87039                  1               3406.841414            0.000000             0.000000             0.000000             0.000000      
       12.40               5.025009              86935                  1               3632.506845            0.000000             0.000000             0.000000             0.000000      
       12.50               5.025009              87544                  1                589.311791            0.000000             0.000000             0.000000             0.000000      
       12.60               5.025009              87830                  2               3415.032452            0.000000             0.000000             0.000000             0.000000      
       12.70               5.025009              87754                  2               3430.115781            0.000000             0.000000             0.000000             0.000000      
       12.80               5.025009              87913                  1               3548.764150            0.000000             0.000000             0.000000             0.000000      
       12.90               5.025009              88278                  1               3459.954005            0.000000             0.000000             0.000000             0.000000      
       13.00               5.025009              88437                  1               3325.566319            0.000000             0.000000             0.000000             0.000000      
       13.10               5.025009              88806                  1               3279.893421            0.000000             0.000000             0.000000             0.000000      
       13.20               5.025009              88976                  1               3195.486765            0.000000             0.000000             0.000000             0.000000      
