        tauB               sizeBin             clust_size      press_align
        0.00               5.016308              41477             9659.684288     
        0.10               5.016308              41573             8381.931522     
        0.20               5.016308              42075             6401.866737     
        0.30               5.016308              42481             5128.122927     
        0.40               5.016308              42858             3946.071621     
        0.50               5.016308              43102             3201.333243     
        0.60               5.016308              43371             2413.979470     
        0.70               5.016308              43608             2016.505630     
        0.80               5.016308              43689             1871.886526     
        0.90               5.016308              43690             1656.393058     
        1.00               5.016308              43711             1530.923076     
        1.10               5.016308              43429             1405.501106     
        1.20               5.016308              43335             1230.413062     
        1.30               5.016308              43175             1251.154126     
        1.40               5.016308              42972             1127.324578     
        1.50               5.016308              42873             1085.214039     
        1.60               5.016308              42685             1129.029486     
        1.70               5.016308              42478             1187.440654     
        1.80               5.016308              42279             1218.501945     
        1.90               5.016308              42132             1244.409080     
        2.00               5.016308              41770             1258.079869     
        2.10               5.016308              41553             1319.084334     
        2.20               5.016308              41453             1405.103616     
        2.30               5.016308              41515             1322.643196     
        2.40               5.016308              41584             1554.821602     
        2.50               5.016308              41571             1382.077930     
        2.60               5.016308              41763             1337.550307     
        2.70               5.016308              41784             1350.159552     
        2.80               5.016308              41786             1384.825343     
        2.90               5.016308              41751             1344.801517     
        3.00               5.016308              41742             1373.570174     
        3.10               5.016308              41745             1298.147876     
        3.20               5.016308              41595             1183.934429     
        3.30               5.016308              41535             1139.976736     
        3.40               5.016308              41379             1118.809296     
        3.50               5.016308              41376             1143.565310     
        3.60               5.016308              41429             1351.247903     
        3.70               5.016308              41365             1300.290656     
        3.80               5.016308              41488             1317.542552     
        3.90               5.016308              41456             1446.762399     
        4.00               5.016308              41483             1354.173729     
        4.10               5.016308              41593             1251.721388     
        4.20               5.016308              41581             1373.633588     
        4.30               5.016308              41478             1246.566476     
        4.40               5.016308              41578             1296.491376     
        4.50               5.016308              41690             1536.767218     
        4.60               5.016308              41631             1502.232950     
        4.70               5.016308              41584             1485.451392     
        4.80               5.016308              41589             1300.269281     
        4.90               5.016308              41617             1387.074939     
        5.00               5.016308              41787             1521.366136     
        5.10               5.016308              41936             1343.142349     
        5.20               5.016308              41957             1335.876821     
        5.30               5.016308              41866             1460.932057     
        5.40               5.016308              41762             1608.913953     
        5.50               5.016308              41850             1460.138092     
        5.60               5.016308              41924             1597.182354     
        5.70               5.016308              42029             1425.907058     
        5.80               5.016308              42106             1433.570010     
        5.90               5.016308              42077             1544.251930     
        6.00               5.016308              42083             1336.910345     
        6.10               5.016308              41940             1253.770300     
        6.20               5.016308              41925             1258.705818     
        6.30               5.016308              41847             1398.445051     
        6.40               5.016308              41782             1302.602693     
        6.50               5.016308              41813             1581.560122     
        6.60               5.016308              41777             1424.937317     
        6.70               5.016308              41611             1595.386946     
        6.80               5.016308              41538             1502.203978     
        6.90               5.016308              41442             1483.517226     
        7.00               5.016308              41375             1587.145665     
        7.10               5.016308              41204             1443.287198     
        7.20               5.016308              41235             1478.754921     
        7.30               5.016308              41152             1560.963909     
        7.40               5.016308              41353             1632.099397     
        7.50               5.016308              41385             1733.030166     
        7.60               5.016308              41518             1669.965262     
        7.70               5.016308              41500             1820.259050     
        7.80               5.016308              41473             1708.203963     
        7.90               5.016308              41536             1759.793428     
        8.00               5.016308              41748             1617.594716     
        8.10               5.016308              41764             1372.827703     
        8.20               5.016308              41850             1265.458702     
        8.30               5.016308              41752             1266.095987     
        8.40               5.016308              41866             1404.407423     
        8.50               5.016308              41752             1321.443911     
        8.60               5.016308              41679             1320.201867     
        8.70               5.016308              41619             1589.839213     
        8.80               5.016308              41664             1553.329062     
        8.90               5.016308              41530             1424.754921     
        9.00               5.016308              41512             1489.245379     
        9.10               5.016308              41394             1306.287344     
        9.20               5.016308              41219             1341.427993     
        9.30               5.016308              41186             1308.288754     
        9.40               5.016308              41291             1182.001404     
        9.50               5.016308              41191             1330.437690     
        9.60               5.016308              41172             1118.019179     
        9.70               5.016308              41042             1265.993064     
        9.80               5.016308              41169             1520.874947     
        9.90               5.016308              41257             1493.399552     
       10.00               5.016308              41280             1322.044969     
       10.10               5.016308              41476             1250.308302     
       10.20               5.016308              41561             1193.943326     
       10.30               5.016308              41651             1190.240078     
       10.40               5.016308              41689             1163.050529     
       10.50               5.016308              41540             1077.006390     
       10.60               5.016308              41482             1104.537111     
       10.70               5.016308              41631             1129.140846     
       10.80               5.016308              41787             1271.253813     
       10.90               5.016308              41860             1302.421496     
       11.00               5.016308              41963             1246.299430     
       11.10               5.016308              42049             1245.572216     
       11.20               5.016308              42119             1329.529690     
       11.30               5.016308              42124             1289.539476     
       11.40               5.016308              42069             1171.658609     
       11.50               5.016308              42163             1191.109407     
       11.60               5.016308              42170             1461.387407     
       11.70               5.016308              42184             1504.176317     
       11.80               5.016308              42158             1495.045822     
       11.90               5.016308              41928             1674.624582     
       12.00               5.016308              41879             1466.731106     
       12.10               5.016308              41882             1470.096667     
       12.20               5.016308              41906             1375.188779     
       12.30               5.016308              41839             1386.365194     
       12.40               5.016308              41780             1573.762045     
       12.50               5.016308              41688             1591.823923     
       12.60               5.016308              41673             1649.288000     
       12.70               5.016308              41456             1659.273277     
       12.80               5.016308              41430             1543.256559     
       12.90               5.016308              41385             1692.439688     
       13.00               5.016308              41582             1703.184317     
       13.10               5.016308              41676             1479.086611     
       13.20               5.016308              41649             1490.121489     
       13.30               5.016308              41631             1529.187595     
       13.40               5.016308              41512             1300.093776     
       13.50               5.016308              41610             1223.131661     
       13.60               5.016308              41641             1141.073542     
       13.70               5.016308              41657              989.826225     
       13.80               5.016308              41749             1101.721915     
       13.90               5.016308              41764             1123.302307     
       14.00               5.016308              41813             1138.963551     
       14.10               5.016308              41793             1308.838880     
       14.20               5.016308              41724             1294.024421     
       14.30               5.016308              41661             1371.294537     
       14.40               5.016308              41520             1513.157341     
       14.50               5.016308              41534             1384.252144     
       14.60               5.016308              41514             1561.672588     
       14.70               5.016308              41572             1502.816786     
       14.80               5.016308              41533             1269.619263     
       14.90               5.016308              41610             1281.033325     
       15.00               5.016308              41493             1341.803270     
       15.10               5.016308              41482             1430.636436     
       15.20               5.016308              41443             1406.355595     
       15.30               5.016308              41567             1363.635580     
       15.40               5.016308              41680             1397.117456     
       15.50               5.016308              41729             1226.046192     
       15.60               5.016308              41740             1317.014281     
       15.70               5.016308              41547             1262.552557     
       15.80               5.016308              41415             1262.074356     
       15.90               5.016308              41275             1523.504662     
       16.00               5.016308              41233             1462.919409     
       16.10               5.016308              41357             1441.712444     
       16.20               5.016308              41525             1277.071754     
       16.30               5.016308              41586             1480.809729     
       16.40               5.016308              41718             1284.838248     
       16.50               5.016308              41847             1350.362268     
       16.60               5.016308              41850             1363.147765     
       16.70               5.016308              41955             1322.276550     
       16.80               5.016308              41926             1172.493440     
       16.90               5.016308              41944             1157.500798     
       17.00               5.016308              41958             1411.942019     
       17.10               5.016308              41970             1435.386077     
       17.20               5.016308              41914             1445.541715     
       17.30               5.016308              41935             1419.114169     
       17.40               5.016308              41886             1516.342102     
       17.50               5.016308              41980             1476.087351     
       17.60               5.016308              41950             1411.560104     
       17.70               5.016308              41957             1520.834953     
       17.80               5.016308              41914             1370.397755     
       17.90               5.016308              41923             1387.524228     
       18.00               5.016308              41925             1324.088523     
       18.10               5.016308              41879             1344.975225     
       18.20               5.016308              41775             1509.902682     
       18.30               5.016308              41705             1342.591663     
       18.40               5.016308              41716             1437.389712     
       18.50               5.016308              41666             1428.320848     
       18.60               5.016308              41647             1430.771980     
       18.70               5.016308              41629             1347.623146     
       18.80               5.016308              41532             1424.978113     
       18.90               5.016308              41653             1416.042524     
       19.00               5.016308              41696             1486.870008     
       19.10               5.016308              41837             1522.601343     
       19.20               5.016308              41765             1400.678875     
       19.30               5.016308              41876             1398.852742     
       19.40               5.016308              41865             1499.622563     
       19.50               5.016308              41798             1560.008010     
       19.60               5.016308              41904             1543.383889     
       19.70               5.016308              41935             1536.479406     
       19.80               5.016308              41945             1391.971108     
       19.90               5.016308              41808             1429.378049     
       20.00               5.016308              41800             1323.401241     
       20.10               5.016308              41799             1416.410350     
       20.20               5.016308              41754             1449.418314     
       20.30               5.016308              41785             1510.279764     
       20.40               5.016308              41920             1494.736237     
       20.50               5.016308              41772             1419.998257     
       20.60               5.016308              41720             1293.897795     
       20.70               5.016308              41865             1223.190428     
       20.80               5.016308              41945             1039.681611     
       20.90               5.016308              42026             1188.590402     
       21.00               5.016308              42028             1036.736037     
       21.10               5.016308              41901             1180.573388     
       21.20               5.016308              41850             1305.609717     
       21.30               5.016308              41828             1260.434815     
       21.40               5.016308              41778             1270.532550     
       21.50               5.016308              41681             1507.438001     
       21.60               5.016308              41744             1631.448162     
       21.70               5.016308              41814             1846.794311     
       21.80               5.016308              41742             1854.999578     
       21.90               5.016308              41756             1615.703667     
       22.00               5.016308              41865             1589.886293     
       22.10               5.016308              41960             1495.097297     
       22.20               5.016308              42014             1370.743151     
       22.30               5.016308              42165             1521.390958     
       22.40               5.016308              42093             1669.056744     
       22.50               5.016308              42140             1431.014529     
       22.60               5.016308              42131             1080.081822     
       22.70               5.016308              42056             1077.316099     
       22.80               5.016308              42045             1075.583626     
       22.90               5.016308              41912             1062.704307     
       23.00               5.016308              41725             1000.503515     
       23.10               5.016308              41632              993.050934     
       23.20               5.016308              41528             1117.636322     
       23.30               5.016308              41417             1044.934079     
       23.40               5.016308              41499             1090.169965     
       23.50               5.016308              41580             1311.582471     
       23.60               5.016308              41589             1297.141986     
       23.70               5.016308              41646             1280.487505     
       23.80               5.016308              41734             1159.343813     
       23.90               5.016308              41738             1145.804695     
       24.00               5.016308              41846             1395.274495     
       24.10               5.016308              41850             1333.217888     
       24.20               5.016308              41870             1195.949949     
       24.30               5.016308              41910             1350.222007     
       24.40               5.016308              41870             1291.862565     
       24.50               5.016308              41825             1243.075345     
       24.60               5.016308              41809             1385.550539     
       24.70               5.016308              41793             1381.393847     
       24.80               5.016308              41824             1464.508664     
       24.90               5.016308              41905             1426.813691     
       25.00               5.016308              42032             1355.247752     
       25.10               5.016308              41970             1521.921372     
       25.20               5.016308              41773             1489.689669     
       25.30               5.016308              41698             1393.693222     
       25.40               5.016308              41784             1505.494502     
       25.50               5.016308              41735             1482.379074     
       25.60               5.016308              41629             1440.580973     
       25.70               5.016308              41531             1445.846656     
       25.80               5.016308              41584             1256.431237     
       25.90               5.016308              41732             1341.978270     
       26.00               5.016308              41716             1500.152906     
       26.10               5.016308              41693             1542.528475     
       26.20               5.016308              41712             1445.915555     
       26.30               5.016308              41772             1471.485541     
       26.40               5.016308              41850             1445.015230     
       26.50               5.016308              41846             1337.230187     
       26.60               5.016308              41885             1167.304506     
       26.70               5.016308              41977             1297.913723     
       26.80               5.016308              42038             1223.822269     
       26.90               5.016308              42071             1248.143810     
       27.00               5.016308              41874             1193.328179     
       27.10               5.016308              41864             1165.014080     
       27.20               5.016308              41862             1224.231412     
       27.30               5.016308              41891             1344.887454     
       27.40               5.016308              41860             1317.674966     
       27.50               5.016308              41939             1398.855050     
       27.60               5.016308              41943             1435.150982     
       27.70               5.016308              41856             1405.160747     
       27.80               5.016308              41750             1339.314861     
       27.90               5.016308              41733             1249.932890     
       28.00               5.016308              41744             1335.358878     
       28.10               5.016308              41837             1390.546601     
       28.20               5.016308              41910             1431.629458     
       28.30               5.016308              41986             1479.854685     
       28.40               5.016308              41989             1479.372310     
       28.50               5.016308              42004             1445.290661     
       28.60               5.016308              41971             1422.922278     
       28.70               5.016308              41949             1478.622402     
       28.80               5.016308              41886             1396.334792     
       28.90               5.016308              42022             1459.865765     
       29.00               5.016308              42115             1585.770006     
       29.10               5.016308              42067             1475.130166     
       29.20               5.016308              42041             1387.154878     
       29.30               5.016308              42089             1522.603580     
       29.40               5.016308              41972             1567.987648     
       29.50               5.016308              41991             1495.961794     
       29.60               5.016308              42012             1594.453081     
       29.70               5.016308              41909             1505.422869     
       29.80               5.016308              41896             1363.476910     
       29.90               5.016308              41828             1340.330429     
       30.00               5.016308              41765             1310.271260     
       30.10               5.016308              41752             1257.589336     
       30.20               5.016308              41626             1165.226373     
       30.30               5.016308              41639             1114.814920     
       30.40               5.016308              41629             1017.261327     
       30.50               5.016308              41612             1018.611366     
       30.60               5.016308              41560             1194.498989     
       30.70               5.016308              41540             1339.315072     
       30.80               5.016308              41483             1583.326654     
       30.90               5.016308              41732             1444.012684     
       31.00               5.016308              41939             1527.591535     
       31.10               5.016308              42011             1436.422418     
       31.20               5.016308              42033             1436.190396     
       31.30               5.016308              42015             1207.414808     
       31.40               5.016308              42053             1194.269756     
       31.50               5.016308              42101             1011.991310     
       31.60               5.016308              42094             1019.769689     
       31.70               5.016308              42065             1141.070380     
       31.80               5.016308              42142             1305.781633     
       31.90               5.016308              42019             1417.603635     
       32.00               5.016308              42008             1489.343746     
       32.10               5.016308              41933             1436.086322     
       32.20               5.016308              41941             1490.676236     
       32.30               5.016308              41788             1443.972590     
       32.40               5.016308              41733             1632.154550     
       32.50               5.016308              41570             1660.773982     
       32.60               5.016308              41658             1641.377572     
       32.70               5.016308              41716             1441.049904     
       32.80               5.016308              41827             1402.760709     
       32.90               5.016308              41852             1436.139506     
       33.00               5.016308              41942             1305.726978     
       33.10               5.016308              41931             1424.291364     
       33.20               5.016308              41821             1246.838400     
       33.30               5.016308              41795             1289.622985     
       33.40               5.016308              41872             1327.856137     
       33.50               5.016308              41845             1234.665841     
       33.60               5.016308              41788             1284.937019     
       33.70               5.016308              41806             1377.017734     
       33.80               5.016308              41833             1206.020143     
       33.90               5.016308              41771             1279.315689     
       34.00               5.016308              41750             1120.739735     
       34.10               5.016308              41737             1076.125088     
       34.20               5.016308              41653             1339.106240     
       34.30               5.016308              41561             1469.395225     
       34.40               5.016308              41549             1490.469064     
       34.50               5.016308              41524             1485.289557     
       34.60               5.016308              41563             1368.630444     
       34.70               5.016308              41602             1269.897944     
       34.80               5.016308              41619             1271.709629     
       34.90               5.016308              41769             1274.155932     
       35.00               5.016308              41770             1413.584136     
       35.10               5.016308              41699             1271.077574     
       35.20               5.016308              41765             1241.003178     
       35.30               5.016308              41662             1171.123891     
       35.40               5.016308              41635             1174.343402     
       35.50               5.016308              41615             1372.521884     
       35.60               5.016308              41442             1456.602586     
       35.70               5.016308              41241             1314.324995     
       35.80               5.016308              41330             1332.309896     
       35.90               5.016308              41235             1382.581471     
       36.00               5.016308              41168             1301.170821     
       36.10               5.016308              41126             1419.699723     
       36.20               5.016308              41291             1527.204840     
       36.30               5.016308              41350             1567.590481     
       36.40               5.016308              41402             1492.838545     
       36.50               5.016308              41265             1449.387961     
       36.60               5.016308              41295             1328.638429     
       36.70               5.016308              41393             1625.382509     
       36.80               5.016308              41570             1516.650001     
       36.90               5.016308              41605             1444.550912     
       37.00               5.016308              41753             1456.796347     
       37.10               5.016308              41801             1227.737214     
       37.20               5.016308              41807             1194.130486     
       37.30               5.016308              41892             1326.549578     
       37.40               5.016308              41857             1405.699972     
       37.50               5.016308              41767             1408.137778     
       37.60               5.016308              41634             1376.330872     
       37.70               5.016308              41601             1533.574691     
       37.80               5.016308              41681             1500.549856     
       37.90               5.016308              41767             1438.571875     
       38.00               5.016308              41627             1443.363264     
       38.10               5.016308              41581             1345.806969     
       38.20               5.016308              41605             1501.005160     
       38.30               5.016308              41604             1438.664622     
       38.40               5.016308              41615             1324.999457     
       38.50               5.016308              41532             1385.496223     
       38.60               5.016308              41647             1194.911585     
       38.70               5.016308              41502             1232.845797     
       38.80               5.016308              41434             1411.428627     
       38.90               5.016308              41454             1662.435348     
       39.00               5.016308              41516             1478.008095     
       39.10               5.016308              41451             1437.073523     
       39.20               5.016308              41402             1606.595971     
       39.30               5.016308              41389             1415.518306     
       39.40               5.016308              41417             1448.248576     
       39.50               5.016308              41498             1349.440890     
       39.60               5.016308              41579             1334.685351     
       39.70               5.016308              41703             1218.492727     
       39.80               5.016308              41836             1214.301318     
       39.90               5.016308              41974             1234.353309     
       40.00               5.016308              42142             1312.314517     
       40.10               5.016308              42019             1361.710774     
       40.20               5.016308              41880             1348.921405     
       40.30               5.016308              41673             1306.850551     
       40.40               5.016308              41715             1426.716361     
       40.50               5.016308              41725             1261.250493     
       40.60               5.016308              41726             1038.080906     
       40.70               5.016308              41732             1001.466266     
       40.80               5.016308              41685             1233.064828     
       40.90               5.016308              41566             1220.442543     
       41.00               5.016308              41548             1156.365541     
       41.10               5.016308              41463             1188.318980     
       41.20               5.016308              41374              976.488985     
       41.30               5.016308              41528             1381.699921     
       41.40               5.016308              41412             1582.448378     
       41.50               5.016308              41308             1495.173884     
       41.60               5.016308              41435             1314.376062     
       41.70               5.016308              41381             1331.001669     
       41.80               5.016308              41363             1530.102636     
       41.90               5.016308              41299             1393.328553     
       42.00               5.016308              41302             1381.008586     
       42.10               5.016308              41254             1454.330629     
       42.20               5.016308              41314             1633.374714     
       42.30               5.016308              41452             1564.975152     
       42.40               5.016308              41510             1377.366781     
       42.50               5.016308              41616             1299.552151     
       42.60               5.016308              41550             1554.970746     
       42.70               5.016308              41575             1562.871274     
       42.80               5.016308              41599             1371.814400     
       42.90               5.016308              41626             1302.534296     
       43.00               5.016308              41664             1260.457291     
       43.10               5.016308              41879             1215.652073     
       43.20               5.016308              41976             1153.043192     
       43.30               5.016308              41971             1186.748581     
       43.40               5.016308              42086             1302.407387     
       43.50               5.016308              42076             1283.280742     
       43.60               5.016308              42056             1088.433326     
       43.70               5.016308              41963             1063.456865     
       43.80               5.016308              41929             1058.953166     
       43.90               5.016308              41797             1143.512027     
       44.00               5.016308              41722             1120.476670     
       44.10               5.016308              41725             1178.915146     
       44.20               5.016308              41532             1398.502590     
       44.30               5.016308              41501             1355.432061     
       44.40               5.016308              41407             1434.580052     
       44.50               5.016308              41389             1409.523430     
       44.60               5.016308              41230             1414.190423     
       44.70               5.016308              41196             1399.723775     
       44.80               5.016308              41121             1523.161843     
       44.90               5.016308              41338             1507.801030     
       45.00               5.016308              41394             1771.409018     
       45.10               5.016308              41583             1772.014664     
       45.20               5.016308              41561             1815.605729     
       45.30               5.016308              41468             1775.728229     
       45.40               5.016308              41505             1692.868787     
       45.50               5.016308              41773             1637.139555     
       45.60               5.016308              41812             1490.920514     
       45.70               5.016308              41847             1464.158650     
       45.80               5.016308              41969             1463.918235     
       45.90               5.016308              42064             1480.829370     
       46.00               5.016308              42041             1409.723899     
       46.10               5.016308              41992             1504.458969     
       46.20               5.016308              41820             1336.937073     
       46.30               5.016308              41677             1306.951406     
       46.40               5.016308              41412             1281.493400     
       46.50               5.016308              41382             1332.036333     
       46.60               5.016308              41325             1477.246000     
       46.70               5.016308              41402             1348.358830     
       46.80               5.016308              41374             1534.790799     
       46.90               5.016308              41404             1470.094429     
       47.00               5.016308              41518             1609.260302     
       47.10               5.016308              41658             1513.493418     
       47.20               5.016308              41859             1293.143521     
       47.30               5.016308              41949             1413.174612     
       47.40               5.016308              41951             1357.658759     
       47.50               5.016308              42028             1403.342188     
       47.60               5.016308              42161             1242.880508     
       47.70               5.016308              42285             1067.512506     
       47.80               5.016308              42187             1068.478401     
       47.90               5.016308              42057             1045.082216     
       48.00               5.016308              41938             1235.217657     
       48.10               5.016308              41869             1142.043536     
       48.20               5.016308              41885             1410.427869     
       48.30               5.016308              41873             1390.042228     
       48.40               5.016308              41714             1418.670080     
       48.50               5.016308              41681             1499.603266     
       48.60               5.016308              41733             1367.733609     
       48.70               5.016308              41586             1463.292710     
       48.80               5.016308              41280             1384.998237     
       48.90               5.016308              41267             1420.426162     
       49.00               5.016308              41325             1492.460115     
       49.10               5.016308              41375             1435.569027     
       49.20               5.016308              41365             1204.183648     
       49.30               5.016308              41513             1350.870561     
       49.40               5.016308              41613             1413.319668     
       49.50               5.016308              41579             1458.251697     
       49.60               5.016308              41594             1444.460003     
       49.70               5.016308              41610             1590.335637     
       49.80               5.016308              41532             1487.358645     
       49.90               5.016308              41508             1474.471859     
       50.00               5.016308              41532             1682.792092     
       50.10               5.016308              41637             1458.556473     
       50.20               5.016308              41699             1517.607316     
       50.30               5.016308              41781             1602.346528     
       50.40               5.016308              41822             1447.966344     
       50.50               5.016308              41807             1432.964846     
       50.60               5.016308              41864             1399.524116     
       50.70               5.016308              41980             1366.779031     
       50.80               5.016308              42034             1446.806113     
       50.90               5.016308              42111             1497.516237     
       51.00               5.016308              42222             1529.353535     
       51.10               5.016308              42112             1326.686866     
       51.20               5.016308              42169             1293.429474     
       51.30               5.016308              42246             1265.915677     
       51.40               5.016308              42163             1294.559613     
       51.50               5.016308              42177             1329.897738     
       51.60               5.016308              42171             1448.423659     
       51.70               5.016308              42303             1479.641390     
       51.80               5.016308              42341             1564.237446     
       51.90               5.016308              42182             1707.472593     
       52.00               5.016308              42089             1578.107254     
       52.10               5.016308              41932             1481.117985     
       52.20               5.016308              41804             1403.319778     
       52.30               5.016308              41756             1384.761251     
       52.40               5.016308              41753             1295.385749     
       52.50               5.016308              41824             1403.062364     
       52.60               5.016308              41787             1478.193718     
       52.70               5.016308              41703             1387.554164     
       52.80               5.016308              41706             1279.709866     
       52.90               5.016308              41638             1225.428169     
       53.00               5.016308              41564             1460.657007     
       53.10               5.016308              41550             1508.171889     
       53.20               5.016308              41481             1453.994123     
       53.30               5.016308              41455             1394.661000     
       53.40               5.016308              41461             1517.686562     
       53.50               5.016308              41344             1513.217656     
       53.60               5.016308              41357             1544.436948     
       53.70               5.016308              41342             1491.564442     
       53.80               5.016308              41377             1442.952166     
       53.90               5.016308              41590             1519.467749     
       54.00               5.016308              41785             1613.323736     
       54.10               5.016308              41781             1732.643471     
       54.20               5.016308              41657             1708.495418     
       54.30               5.016308              41559             1637.402928     
       54.40               5.016308              41481             1602.061790     
       54.50               5.016308              41455             1545.971695     
       54.60               5.016308              41445             1624.686973     
       54.70               5.016308              41417             1440.872998     
       54.80               5.016308              41589             1687.176006     
       54.90               5.016308              41645             1385.204828     
       55.00               5.016308              41696             1421.830544     
       55.10               5.016308              41634             1380.864942     
       55.20               5.016308              41773             1288.134367     
       55.30               5.016308              41868             1139.942929     
       55.40               5.016308              41839             1090.521494     
       55.50               5.016308              41755             1306.311558     
       55.60               5.016308              41809             1470.117167     
       55.70               5.016308              41921             1676.259657     
       55.80               5.016308              41946             1355.690527     
       55.90               5.016308              41905             1251.231615     
       56.00               5.016308              41866             1389.159888     
       56.10               5.016308              41745             1274.760274     
       56.20               5.016308              41689             1317.881248     
       56.30               5.016308              41610             1449.218429     
       56.40               5.016308              41485             1601.939835     
       56.50               5.016308              41374             1562.016824     
       56.60               5.016308              41403             1616.217939     
       56.70               5.016308              41398             1699.584315     
       56.80               5.016308              41453             1729.784136     
       56.90               5.016308              41565             1547.772048     
       57.00               5.016308              41728             1537.034172     
       57.10               5.016308              41744             1354.082213     
       57.20               5.016308              41812             1536.151226     
       57.30               5.016308              41864             1497.413005     
       57.40               5.016308              41896             1323.578530     
       57.50               5.016308              41969             1273.492569     
       57.60               5.016308              41995             1272.851799     
       57.70               5.016308              41929             1232.663463     
       57.80               5.016308              41953             1146.754890     
       57.90               5.016308              41970             1094.525006     
       58.00               5.016308              41964             1157.881642     
       58.10               5.016308              41749             1374.270506     
       58.20               5.016308              41709             1111.255477     
       58.30               5.016308              41618             1367.998036     
       58.40               5.016308              41595             1228.841695     
       58.50               5.016308              41472             1330.873890     
       58.60               5.016308              41477             1453.014778     
       58.70               5.016308              41277             1608.865996     
       58.80               5.016308              41195             1624.399304     
       58.90               5.016308              41281             1522.918021     
       59.00               5.016308              41266             1595.827873     
       59.10               5.016308              41380             1243.479451     
       59.20               5.016308              41621             1310.893688     
       59.30               5.016308              41656             1512.120930     
       59.40               5.016308              41631             1462.681664     
       59.50               5.016308              41696             1525.235097     
       59.60               5.016308              41758             1443.029397     
       59.70               5.016308              41717             1513.774106     
       59.80               5.016308              41625             1432.339658     
       59.90               5.016308              41472             1351.219322     
       60.00               5.016308              41386             1471.995952     
       60.10               5.016308              41384             1551.527541     
       60.20               5.016308              41469             1660.634501     
       60.30               5.016308              41438             1611.667034     
       60.40               5.016308              41517             1630.091503     
       60.50               5.016308              41527             1544.712352     
       60.60               5.016308              41642             1463.369025     
       60.70               5.016308              41635             1303.852712     
       60.80               5.016308              41772             1270.078922     
       60.90               5.016308              41805             1340.609569     
       61.00               5.016308              41935             1497.020534     
       61.10               5.016308              42003             1427.782255     
       61.20               5.016308              42033             1433.276745     
       61.30               5.016308              42035             1331.334726     
       61.40               5.016308              42034             1388.628578     
       61.50               5.016308              42058             1298.561184     
       61.60               5.016308              42056             1344.482307     
       61.70               5.016308              41965             1211.832220     
       61.80               5.016308              41955             1230.777106     
       61.90               5.016308              41955             1273.805705     
       62.00               5.016308              41900             1314.553236     
       62.10               5.016308              41771             1345.193308     
       62.20               5.016308              41844             1366.635246     
       62.30               5.016308              41900             1494.846622     
       62.40               5.016308              41941             1300.652356     
       62.50               5.016308              41949             1356.086075     
       62.60               5.016308              41997             1372.809110     
       62.70               5.016308              41928             1278.785089     
       62.80               5.016308              41748             1130.845813     
       62.90               5.016308              41813             1327.933815     
       63.00               5.016308              41557             1356.351368     
       63.10               5.016308              41458             1499.814541     
       63.20               5.016308              41407             1521.810391     
       63.30               5.016308              41361             1555.977466     
       63.40               5.016308              41263             1539.233643     
       63.50               5.016308              41352             1498.896665     
       63.60               5.016308              41475             1560.950794     
       63.70               5.016308              41411             1560.542447     
       63.80               5.016308              41489             1688.992584     
       63.90               5.016308              41547             1575.854196     
       64.00               5.016308              41474             1746.613880     
       64.10               5.016308              41515             1696.420390     
       64.20               5.016308              41621             1652.394863     
       64.30               5.016308              41520             1627.195861     
       64.40               5.016308              41491             1501.086807     
       64.50               5.016308              41613             1391.741821     
       64.60               5.016308              41639             1404.170164     
       64.70               5.016308              41784             1246.153582     
       64.80               5.016308              41947             1332.124449     
       64.90               5.016308              41872             1378.073203     
       65.00               5.016308              41890             1342.490697     
       65.10               5.016308              41813             1438.839512     
       65.20               5.016308              41866             1608.282146     
       65.30               5.016308              41797             1453.936463     
       65.40               5.016308              41887             1546.020501     
       65.50               5.016308              41826             1651.982285     
       65.60               5.016308              41722             1555.206015     
       65.70               5.016308              41697             1621.091712     
       65.80               5.016308              41643             1495.586745     
       65.90               5.016308              41680             1485.189986     
       66.00               5.016308              41697             1347.648615     
       66.10               5.016308              41611             1394.803704     
       66.20               5.016308              41528             1129.576931     
       66.30               5.016308              41625             1148.666721     
       66.40               5.016308              41742             1012.104621     
       66.50               5.016308              41696             1120.645587     
       66.60               5.016308              41559             1286.307857     
       66.70               5.016308              41565             1533.892943     
       66.80               5.016308              41598             1636.244503     
       66.90               5.016308              41650             1705.167741     
       67.00               5.016308              41680             1583.545981     
       67.10               5.016308              41316             1399.497595     
       67.20               5.016308              41227             1497.275321     
       67.30               5.016308              41283             1677.392508     
       67.40               5.016308              41506             1641.508577     
       67.50               5.016308              41517             1690.264436     
       67.60               5.016308              41751             1549.736972     
       67.70               5.016308              41729             1488.290721     
       67.80               5.016308              41699             1272.583104     
       67.90               5.016308              41666             1377.014543     
       68.00               5.016308              41632             1385.764280     
       68.10               5.016308              41656             1324.562424     
       68.20               5.016308              41845             1136.097093     
       68.30               5.016308              41960             1259.706770     
       68.40               5.016308              42055             1337.752606     
       68.50               5.016308              42227             1401.914273     
       68.60               5.016308              42189             1526.759924     
       68.70               5.016308              42135             1420.878553     
       68.80               5.016308              42040             1420.048018     
       68.90               5.016308              42042             1381.686659     
       69.00               5.016308              42058             1240.470690     
       69.10               5.016308              42069             1398.278581     
       69.20               5.016308              42053             1224.392567     
       69.30               5.016308              41951             1277.094392     
       69.40               5.016308              41767             1166.764802     
       69.50               5.016308              41814             1257.409631     
       69.60               5.016308              41865             1323.014082     
       69.70               5.016308              41598             1167.238164     
       69.80               5.016308              41372             1372.860884     
       69.90               5.016308              41477             1335.265693     
       70.00               5.016308              41493             1333.516389     
       70.10               5.016308              41500             1490.930968     
       70.20               5.016308              41473             1518.557273     
       70.30               5.016308              41421             1361.561947     
       70.40               5.016308              41442             1378.126259     
       70.50               5.016308              41379             1581.138457     
       70.60               5.016308              41425             1433.403671     
       70.70               5.016308              41473             1258.181056     
       70.80               5.016308              41420             1335.069780     
       70.90               5.016308              41530             1203.532476     
       71.00               5.016308              41501             1240.665558     
       71.10               5.016308              41509             1322.721664     
       71.20               5.016308              41419             1290.951553     
       71.30               5.016308              41333             1433.156768     
       71.40               5.016308              41350             1414.540717     
       71.50               5.016308              41297             1347.309184     
       71.60               5.016308              41342             1338.570032     
       71.70               5.016308              41446             1137.145399     
       71.80               5.016308              41425             1113.469944     
       71.90               5.016308              41566             1099.199999     
       72.00               5.016308              41542             1070.197820     
       72.10               5.016308              41417             1155.669561     
       72.20               5.016308              41453             1266.809689     
       72.30               5.016308              41525             1353.560921     
       72.40               5.016308              41520             1296.174012     
       72.50               5.016308              41653             1201.520471     
       72.60               5.016308              41649             1137.293556     
       72.70               5.016308              41591             1220.927582     
       72.80               5.016308              41575             1246.400228     
       72.90               5.016308              41540             1173.983398     
       73.00               5.016308              41536             1241.938949     
       73.10               5.016308              41612             1235.786804     
       73.20               5.016308              41696             1148.552494     
       73.30               5.016308              41838             1227.714838     
       73.40               5.016308              42068             1254.211515     
       73.50               5.016308              42208             1237.825568     
       73.60               5.016308              42313             1122.742165     
       73.70               5.016308              42306             1252.214964     
       73.80               5.016308              42242             1197.145253     
       73.90               5.016308              42234             1127.509324     
       74.00               5.016308              42167             1247.094917     
       74.10               5.016308              42105             1102.065542     
       74.20               5.016308              42041             1168.808653     
       74.30               5.016308              41771             1275.312488     
       74.40               5.016308              41593             1136.846074     
       74.50               5.016308              41650             1230.460540     
       74.60               5.016308              41696             1334.216472     
       74.70               5.016308              41737             1388.940613     
       74.80               5.016308              41882             1357.553136     
       74.90               5.016308              41970             1289.524712     
       75.00               5.016308              41967             1362.551900     
       75.10               5.016308              41776             1345.301449     
       75.20               5.016308              41641             1456.888847     
       75.30               5.016308              41532             1617.104884     
       75.40               5.016308              41451             1476.548320     
       75.50               5.016308              41472             1390.047568     
       75.60               5.016308              41320             1627.572659     
       75.70               5.016308              41306             1524.595412     
       75.80               5.016308              41354             1520.967068     
       75.90               5.016308              41338             1444.459530     
       76.00               5.016308              41318             1319.909967     
       76.10               5.016308              41388             1349.276521     
       76.20               5.016308              41441             1285.192001     
       76.30               5.016308              41540             1103.220657     
       76.40               5.016308              41670             1226.331437     
       76.50               5.016308              41748             1129.416277     
       76.60               5.016308              41800             1302.952623     
       76.70               5.016308              41955             1283.797010     
       76.80               5.016308              42113             1318.361645     
       76.90               5.016308              41987             1242.563023     
       77.00               5.016308              41958             1215.747543     
       77.10               5.016308              41897             1248.676653     
       77.20               5.016308              41910             1336.481547     
       77.30               5.016308              41951             1467.167046     
       77.40               5.016308              41957             1336.736290     
       77.50               5.016308              41819             1475.433839     
       77.60               5.016308              41881             1523.754983     
       77.70               5.016308              41917             1441.921032     
       77.80               5.016308              41826             1274.813909     
       77.90               5.016308              41816             1300.267950     
       78.00               5.016308              41934             1420.810326     
       78.10               5.016308              41917             1439.739089     
       78.20               5.016308              41872             1430.369689     
       78.30               5.016308              41938             1394.644163     
       78.40               5.016308              41983             1288.985417     
       78.50               5.016308              41962             1343.750198     
       78.60               5.016308              41847             1387.767847     
       78.70               5.016308              41771             1262.429262     
       78.80               5.016308              41730             1220.200866     
       78.90               5.016308              41572             1354.673086     
       79.00               5.016308              41496             1430.404075     
       79.10               5.016308              41473             1523.559532     
       79.20               5.016308              41401             1336.575861     
       79.30               5.016308              41322             1337.829773     
       79.40               5.016308              41353             1325.033243     
       79.50               5.016308              41387             1411.266380     
       79.60               5.016308              41500             1474.356244     
       79.70               5.016308              41703             1661.137706     
       79.80               5.016308              41821             1525.196829     
       79.90               5.016308              41830             1644.445414     
       80.00               5.016308              41739             1621.504951     
       80.10               5.016308              41633             1651.258478     
       80.20               5.016308              41529             1694.591887     
       80.30               5.016308              41408             1638.724654     
       80.40               5.016308              41528             1549.490518     
       80.50               5.016308              41624             1588.024225     
       80.60               5.016308              41597             1634.596969     
       80.70               5.016308              41727             1542.098029     
       80.80               5.016308              41900             1480.291723     
       80.90               5.016308              41962             1475.899243     
       81.00               5.016308              41920             1756.629098     
       81.10               5.016308              41811             1641.014861     
       81.20               5.016308              41857             1419.364916     
       81.30               5.016308              41877             1549.631176     
       81.40               5.016308              41904             1444.557959     
       81.50               5.016308              41964             1508.226463     
       81.60               5.016308              42067             1228.239501     
       81.70               5.016308              42117             1224.883069     
       81.80               5.016308              42114             1223.824696     
       81.90               5.016308              42197             1266.781882     
       82.00               5.016308              42157             1423.482504     
       82.10               5.016308              42118             1257.374379     
       82.20               5.016308              42205             1134.600478     
       82.30               5.016308              42291             1279.072427     
       82.40               5.016308              42263             1350.007069     
       82.50               5.016308              42312             1263.369323     
       82.60               5.016308              42190             1276.290231     
       82.70               5.016308              41940             1417.102551     
       82.80               5.016308              41780             1382.172529     
       82.90               5.016308              41733             1524.625892     
       83.00               5.016308              41658             1221.326523     
       83.10               5.016308              41733             1366.417030     
       83.20               5.016308              41636             1569.037967     
       83.30               5.016308              41649             1654.440362     
       83.40               5.016308              41691             1449.701000     
       83.50               5.016308              41694             1309.564234     
       83.60               5.016308              41787             1370.892146     
       83.70               5.016308              41998             1430.028659     
       83.80               5.016308              42108             1356.866153     
       83.90               5.016308              42164             1295.455132     
       84.00               5.016308              42185             1132.128432     
       84.10               5.016308              42169             1378.479238     
       84.20               5.016308              42064             1200.134337     
       84.30               5.016308              41969             1206.198764     
       84.40               5.016308              41834             1277.330362     
       84.50               5.016308              41707             1200.620375     
       84.60               5.016308              41812             1284.346949     
       84.70               5.016308              41887             1259.589735     
       84.80               5.016308              41760             1201.077576     
       84.90               5.016308              41870             1191.057522     
       85.00               5.016308              41838             1248.566424     
       85.10               5.016308              41879             1309.272597     
       85.20               5.016308              41906             1428.706930     
       85.30               5.016308              41824             1440.638183     
       85.40               5.016308              41716             1297.475372     
       85.50               5.016308              41600             1302.446787     
       85.60               5.016308              41677             1182.002811     
       85.70               5.016308              41703             1267.204982     
       85.80               5.016308              41687             1197.783628     
       85.90               5.016308              41677             1246.464068     
       86.00               5.016308              41662             1179.972272     
       86.10               5.016308              41649             1210.994911     
       86.20               5.016308              41621             1372.878253     
       86.30               5.016308              41438             1253.216186     
       86.40               5.016308              41315             1198.306618     
       86.50               5.016308              41345             1186.835182     
       86.60               5.016308              41493             1238.656644     
       86.70               5.016308              41569             1156.402248     
       86.80               5.016308              41658             1084.683267     
       86.90               5.016308              41695             1066.596221     
       87.00               5.016308              41539             1236.751660     
       87.10               5.016308              41461             1301.854972     
       87.20               5.016308              41472             1214.923667     
       87.30               5.016308              41399             1197.831571     
       87.40               5.016308              41376             1319.432857     
       87.50               5.016308              41187             1435.593433     
       87.60               5.016308              41159             1464.536517     
       87.70               5.016308              41111             1365.415935     
       87.80               5.016308              41123             1308.985319     
       87.90               5.016308              41120             1247.497061     
       88.00               5.016308              41249             1426.018171     
       88.10               5.016308              41390             1454.716167     
       88.20               5.016308              41562             1551.258106     
       88.30               5.016308              41532             1623.796445     
       88.40               5.016308              41469             1561.803864     
       88.50               5.016308              41517             1559.401638     
       88.60               5.016308              41539             1394.963797     
       88.70               5.016308              41493             1466.576129     
       88.80               5.016308              41552             1620.720673     
       88.90               5.016308              41823             1586.883232     
       89.00               5.016308              41779             1392.121664     
       89.10               5.016308              41786             1419.720347     
       89.20               5.016308              41623             1463.637978     
       89.30               5.016308              41649             1432.574911     
       89.40               5.016308              41743             1482.007248     
       89.50               5.016308              41709             1510.477261     
       89.60               5.016308              41754             1417.258563     
       89.70               5.016308              41809             1264.187148     
       89.80               5.016308              41815             1304.982898     
       89.90               5.016308              41767             1384.641088     
       90.00               5.016308              41694             1319.847105     
       90.10               5.016308              41681             1324.146108     
       90.20               5.016308              41676             1241.590414     
       90.30               5.016308              41644             1242.218798     
       90.40               5.016308              41535             1092.364067     
       90.50               5.016308              41572             1216.552405     
       90.60               5.016308              41505             1138.094375     
       90.70               5.016308              41626             1137.052231     
       90.80               5.016308              41513             1043.484399     
       90.90               5.016308              41532             1229.717862     
       91.00               5.016308              41366             1397.034752     
       91.10               5.016308              41506             1374.343927     
       91.20               5.016308              41416             1485.567292     
       91.30               5.016308              41325             1415.624110     
       91.40               5.016308              41370             1351.811870     
       91.50               5.016308              41295             1354.592764     
       91.60               5.016308              41289             1230.142965     
       91.70               5.016308              41343             1537.435964     
       91.80               5.016308              41324             1614.742448     
       91.90               5.016308              41402             1575.619888     
       92.00               5.016308              41471             1538.884614     
       92.10               5.016308              41337             1448.571893     
       92.20               5.016308              41293             1555.592263     
       92.30               5.016308              41411             1510.942794     
       92.40               5.016308              41501             1444.899559     
       92.50               5.016308              41517             1533.930542     
       92.60               5.016308              41730             1590.751893     
       92.70               5.016308              41845             1512.307247     
       92.80               5.016308              41917             1516.304206     
       92.90               5.016308              42063             1538.662140     
       93.00               5.016308              42035             1614.819782     
       93.10               5.016308              41993             1363.815728     
       93.20               5.016308              42031             1291.207797     
       93.30               5.016308              42090             1285.427413     
       93.40               5.016308              42030             1241.350473     
       93.50               5.016308              42028             1011.438439     
       93.60               5.016308              42028             1189.121692     
       93.70               5.016308              42018             1308.656424     
       93.80               5.016308              41755             1260.430152     
       93.90               5.016308              41337             1220.468427     
       94.00               5.016308              41360             1477.142795     
       94.10               5.016308              41387             1601.506687     
       94.20               5.016308              41400             1508.304090     
       94.30               5.016308              41417             1221.932268     
       94.40               5.016308              41387             1229.263488     
       94.50               5.016308              41378             1186.721423     
       94.60               5.016308              41409             1199.844172     
       94.70               5.016308              41481             1181.742394     
       94.80               5.016308              41458             1377.438564     
       94.90               5.016308              41572             1364.910590     
       95.00               5.016308              41612             1360.165103     
       95.10               5.016308              41741             1564.660440     
       95.20               5.016308              41677             1488.932325     
       95.30               5.016308              41596             1386.797225     
       95.40               5.016308              41659             1202.912943     
       95.50               5.016308              41718             1245.114055     
       95.60               5.016308              41559             1224.336545     
       95.70               5.016308              41592             1278.340832     
       95.80               5.016308              41517             1485.211788     
       95.90               5.016308              41503             1535.729170     
       96.00               5.016308              41616             1627.660008     
       96.10               5.016308              41688             1644.536062     
       96.20               5.016308              41607             1274.337479     
       96.30               5.016308              41574             1221.633574     
       96.40               5.016308              41564             1326.139180     
       96.50               5.016308              41459             1346.803379     
       96.60               5.016308              41350             1377.170917     
       96.70               5.016308              41226             1080.127661     
       96.80               5.016308              41267             1307.777436     
       96.90               5.016308              41346             1294.588368     
       97.00               5.016308              41440             1407.934496     
       97.10               5.016308              41368             1392.193833     
       97.20               5.016308              41372             1375.398612     
       97.30               5.016308              41572             1565.396471     
       97.40               5.016308              41718             1661.180770     
       97.50               5.016308              41760             1552.534612     
       97.60               5.016308              41870             1575.915031     
       97.70               5.016308              41936             1286.004585     
       97.80               5.016308              42072             1368.798870     
       97.90               5.016308              41975             1383.910303     
       98.00               5.016308              42103             1374.878001     
       98.10               5.016308              42203             1410.666070     
       98.20               5.016308              42224             1403.957602     
       98.30               5.016308              42126             1318.625469     
       98.40               5.016308              42211             1215.668409     
       98.50               5.016308              42182             1394.954068     
       98.60               5.016308              42190             1479.849249     
       98.70               5.016308              42114             1378.091341     
       98.80               5.016308              42035             1192.981021     
       98.90               5.016308              42093             1047.461544     
       99.00               5.016308              42014             1062.033681     
       99.10               5.016308              41982             1191.347307     
       99.20               5.016308              42098             1311.342239     
       99.30               5.016308              42176             1391.792139     
       99.40               5.016308              42043             1302.681405     
       99.50               5.016308              41943             1454.318274     
       99.60               5.016308              41857             1608.906976     
       99.70               5.016308              41976             1518.352423     
       99.80               5.016308              41846             1464.740493     
