        tauB               sizeBin             clust_size      press_align
        0.00               5.016308              42306             10622.047491    
        0.10               5.016308              42487             9415.555346     
        0.20               5.016308              42917             7300.005346     
        0.30               5.016308              43311             5577.068000     
        0.40               5.016308              43615             4412.837148     
        0.50               5.016308              43663             3482.501441     
        0.60               5.016308              43729             2886.186167     
        0.70               5.016308              43727             2126.215033     
        0.80               5.016308              43698             2074.556371     
        0.90               5.016308              43494             1956.050879     
        1.00               5.016308              43206             1816.536756     
        1.10               5.016308              42945             1620.103908     
        1.20               5.016308              42682             1788.529264     
        1.30               5.016308              42391             1667.538458     
        1.40               5.016308              42257             1565.951254     
        1.50               5.016308              42199             1508.468091     
        1.60               5.016308              42164             1445.905687     
        1.70               5.016308              41966             1591.267882     
        1.80               5.016308              41689             1687.819785     
        1.90               5.016308              41767             1771.222086     
        2.00               5.016308              41844             1849.717923     
        2.10               5.016308              41792             1589.768890     
        2.20               5.016308              41732             1875.557432     
        2.30               5.016308              41512             2098.335337     
        2.40               5.016308              41438             2181.344822     
        2.50               5.016308              41259             2116.031911     
        2.60               5.016308              41097             2202.658351     
        2.70               5.016308              41237             2189.671548     
        2.80               5.016308              41156             2440.943186     
        2.90               5.016308              41258             2384.979069     
        3.00               5.016308              41366             2169.028363     
        3.10               5.016308              41340             2257.666954     
        3.20               5.016308              41333             2205.673820     
        3.30               5.016308              41352             2368.855143     
        3.40               5.016308              41430             2448.442092     
        3.50               5.016308              41570             2403.156801     
        3.60               5.016308              41684             2365.548393     
        3.70               5.016308              41707             2259.325473     
        3.80               5.016308              41538             2425.096448     
        3.90               5.016308              41444             2435.849181     
        4.00               5.016308              41389             2448.272845     
        4.10               5.016308              41639             2260.641721     
        4.20               5.016308              41855             2355.561625     
        4.30               5.016308              41898             2304.065604     
        4.40               5.016308              42058             2055.921844     
        4.50               5.016308              42031             1989.730523     
        4.60               5.016308              41922             1989.373287     
        4.70               5.016308              41972             1988.593447     
        4.80               5.016308              41851             1907.890868     
        4.90               5.016308              41759             1735.062795     
        5.00               5.016308              41829             1603.203848     
        5.10               5.016308              41657             1699.833242     
        5.20               5.016308              41626             1874.939653     
        5.30               5.016308              41637             1902.998389     
        5.40               5.016308              41490             2080.250415     
        5.50               5.016308              41553             2139.847683     
        5.60               5.016308              41588             2026.026602     
        5.70               5.016308              41473             2060.562027     
        5.80               5.016308              41358             2152.877661     
        5.90               5.016308              41218             2259.069243     
        6.00               5.016308              41249             2412.093091     
        6.10               5.016308              41269             2563.269832     
        6.20               5.016308              41303             2617.064365     
        6.30               5.016308              41397             2412.429781     
        6.40               5.016308              41472             2577.959027     
        6.50               5.016308              41471             2348.221527     
        6.60               5.016308              41682             2204.815875     
        6.70               5.016308              41904             2283.508450     
        6.80               5.016308              42120             2056.651862     
        6.90               5.016308              42048             1917.820435     
        7.00               5.016308              41949             1986.202691     
        7.10               5.016308              42004             2148.573176     
        7.20               5.016308              41905             2011.610146     
        7.30               5.016308              41616             2130.316108     
        7.40               5.016308              41547             2202.217496     
        7.50               5.016308              41576             2369.541305     
        7.60               5.016308              41632             2168.255690     
        7.70               5.016308              41665             2145.750460     
        7.80               5.016308              41759             2082.287470     
        7.90               5.016308              41852             2098.687497     
        8.00               5.016308              41875             2050.428219     
        8.10               5.016308              42059             2174.219132     
        8.20               5.016308              42159             2333.467351     
        8.30               5.016308              42006             2080.095935     
        8.40               5.016308              41987             2109.323308     
        8.50               5.016308              41930             2046.366636     
        8.60               5.016308              41930             2082.334638     
        8.70               5.016308              41785             2045.985384     
        8.80               5.016308              41400             2098.375393     
        8.90               5.016308              41501             2108.913656     
        9.00               5.016308              41463             2155.985216     
        9.10               5.016308              41503             2103.041671     
        9.20               5.016308              41554             2195.295891     
        9.30               5.016308              41600             2261.924273     
        9.40               5.016308              41593             2489.969084     
        9.50               5.016308              41860             2249.491386     
        9.60               5.016308              41764             2448.182414     
        9.70               5.016308              41859             2342.821092     
        9.80               5.016308              41943             2132.576137     
        9.90               5.016308              41992             2113.694944     
       10.00               5.016308              41729             2008.689343     
       10.10               5.016308              41716             1993.470940     
       10.20               5.016308              41689             2023.050896     
       10.30               5.016308              41810             2105.818797     
       10.40               5.016308              41657             2117.960177     
       10.50               5.016308              41742             2280.879813     
       10.60               5.016308              41691             2158.517211     
       10.70               5.016308              41587             2128.306331     
       10.80               5.016308              41538             2201.601367     
       10.90               5.016308              41465             2032.164777     
       11.00               5.016308              41602             2197.963575     
       11.10               5.016308              41625             2062.223581     
       11.20               5.016308              41646             2009.695348     
       11.30               5.016308              41599             2074.425330     
       11.40               5.016308              41499             2161.420151     
       11.50               5.016308              41300             2128.942480     
       11.60               5.016308              41287             2093.905457     
       11.70               5.016308              41239             2023.659949     
       11.80               5.016308              41186             2099.600170     
       11.90               5.016308              40995             2129.372818     
       12.00               5.016308              41030             2125.130438     
       12.10               5.016308              41147             2174.958315     
       12.20               5.016308              41217             2191.635735     
       12.30               5.016308              41241             2086.461922     
       12.40               5.016308              41202             2067.220628     
       12.50               5.016308              41152             2145.195483     
       12.60               5.016308              41089             2112.368566     
       12.70               5.016308              41208             2046.180650     
       12.80               5.016308              41382             2011.467830     
       12.90               5.016308              41587             2081.784060     
       13.00               5.016308              41694             1940.886525     
       13.10               5.016308              41873             1942.269931     
       13.20               5.016308              41478             1929.393578     
       13.30               5.016308              41505             2051.138840     
       13.40               5.016308              41459             2098.647145     
       13.50               5.016308              41491             1970.195409     
       13.60               5.016308              41511             1882.722018     
       13.70               5.016308              41544             1895.059793     
       13.80               5.016308              41429             1924.630148     
       13.90               5.016308              41141             2091.508356     
       14.00               5.016308              40991             2256.986974     
       14.10               5.016308              40940             2284.456439     
       14.20               5.016308              41051             2135.019073     
       14.30               5.016308              41241             2296.025563     
       14.40               5.016308              41410             2444.144439     
       14.50               5.016308              41449             2323.896327     
       14.60               5.016308              41646             2523.603922     
       14.70               5.016308              41699             2330.129690     
       14.80               5.016308              41752             2491.604045     
       14.90               5.016308              41802             2454.419537     
       15.00               5.016308              41875             2323.275709     
       15.10               5.016308              41807             2186.465015     
       15.20               5.016308              41552             2128.130901     
       15.30               5.016308              41404             2098.208999     
       15.40               5.016308              41369             2025.898634     
       15.50               5.016308              41338             2025.419405     
       15.60               5.016308              41352             1886.907260     
       15.70               5.016308              41189             2002.585225     
       15.80               5.016308              41032             2154.723257     
       15.90               5.016308              41068             2084.038881     
       16.00               5.016308              41198             2099.022445     
       16.10               5.016308              41305             2191.146179     
       16.20               5.016308              41113             2128.383562     
       16.30               5.016308              41216             2168.754138     
       16.40               5.016308              41341             2198.676474     
       16.50               5.016308              41418             2140.780731     
       16.60               5.016308              41534             2257.200590     
       16.70               5.016308              41500             2174.879119     
       16.80               5.016308              41628             2014.116853     
       16.90               5.016308              41400             1847.759370     
       17.00               5.016308              41344             1927.678406     
       17.10               5.016308              41369             1898.754558     
       17.20               5.016308              41270             2056.350282     
       17.30               5.016308              41342             2211.791995     
       17.40               5.016308              41291             2255.685311     
       17.50               5.016308              41170             2212.420938     
       17.60               5.016308              41213             2148.979428     
       17.70               5.016308              41133             2206.370904     
       17.80               5.016308              41172             2181.211892     
       17.90               5.016308              41368             2185.386690     
       18.00               5.016308              41383             2096.762124     
       18.10               5.016308              41435             2236.139924     
       18.20               5.016308              41594             2311.802381     
       18.30               5.016308              41606             2222.115641     
       18.40               5.016308              41673             2184.663105     
       18.50               5.016308              41665             2099.267872     
       18.60               5.016308              41540             2137.827462     
       18.70               5.016308              41462             2237.456630     
       18.80               5.016308              41349             2127.099121     
       18.90               5.016308              41402             2368.063884     
       19.00               5.016308              41482             2451.743852     
       19.10               5.016308              41649             2343.091851     
       19.20               5.016308              41755             2358.327495     
       19.30               5.016308              41731             2296.597981     
       19.40               5.016308              41793             2292.197989     
       19.50               5.016308              41967             2117.441967     
       19.60               5.016308              42171             2037.397292     
       19.70               5.016308              42105             2075.426258     
       19.80               5.016308              42116             1961.129758     
       19.90               5.016308              41915             2036.191256     
       20.00               5.016308              41705             2165.793910     
       20.10               5.016308              41589             2137.405371     
       20.20               5.016308              41729             2204.590258     
       20.30               5.016308              41555             2170.919385     
       20.40               5.016308              41390             2066.785090     
       20.50               5.016308              41307             2011.043097     
       20.60               5.016308              41194             2003.639296     
       20.70               5.016308              41222             1950.320284     
       20.80               5.016308              41182             1999.030836     
       20.90               5.016308              41068             2100.480541     
       21.00               5.016308              41183             2071.586370     
       21.10               5.016308              41277             2118.805607     
       21.20               5.016308              41371             2276.457808     
       21.30               5.016308              41415             2177.790307     
       21.40               5.016308              41350             2134.519250     
       21.50               5.016308              41350             2125.304691     
       21.60               5.016308              41372             2242.922183     
       21.70               5.016308              41435             2111.759927     
       21.80               5.016308              41394             2047.343813     
       21.90               5.016308              41392             2101.611961     
       22.00               5.016308              41435             2032.636744     
       22.10               5.016308              41322             2060.993378     
       22.20               5.016308              41246             2225.621002     
       22.30               5.016308              41203             2213.833646     
       22.40               5.016308              41253             2063.133191     
       22.50               5.016308              41350             2105.340514     
       22.60               5.016308              41291             2347.086075     
       22.70               5.016308              41394             2246.369765     
       22.80               5.016308              41418             2041.176165     
       22.90               5.016308              41289             2124.088338     
       23.00               5.016308              41096             2068.394671     
       23.10               5.016308              40985             1926.444839     
       23.20               5.016308              40824             1895.169103     
       23.30               5.016308              40826             2173.618309     
       23.40               5.016308              40931             2198.806211     
       23.50               5.016308              41072             2248.023261     
       23.60               5.016308              41145             2242.519284     
       23.70               5.016308              41159             2385.985683     
       23.80               5.016308              41054             2319.581198     
       23.90               5.016308              41181             2337.659041     
       24.00               5.016308              41166             2342.285177     
       24.10               5.016308              41069             2236.596802     
       24.20               5.016308              40940             2186.603770     
       24.30               5.016308              41064             2212.763934     
       24.40               5.016308              41045             2183.913324     
       24.50               5.016308              41153             2330.483591     
       24.60               5.016308              41180             2186.145312     
       24.70               5.016308              41147             2057.359746     
       24.80               5.016308              41103             1847.233551     
       24.90               5.016308              41239             2058.351309     
       25.00               5.016308              41252             2100.709405     
       25.10               5.016308              41337             2048.217229     
       25.20               5.016308              41335             2201.278379     
       25.30               5.016308              41277             2182.750011     
       25.40               5.016308              41217             2247.669920     
       25.50               5.016308              41306             2307.259570     
       25.60               5.016308              41252             2337.589475     
       25.70               5.016308              41081             2079.672221     
       25.80               5.016308              40962             2203.400871     
       25.90               5.016308              40875             2154.062428     
       26.00               5.016308              40735             2048.757943     
       26.10               5.016308              40614             2098.112854     
       26.20               5.016308              40609             2051.106455     
       26.30               5.016308              40616             2148.856400     
       26.40               5.016308              40756             2229.992167     
       26.50               5.016308              40794             2199.278365     
       26.60               5.016308              40869             2081.325795     
       26.70               5.016308              41041             2208.656079     
       26.80               5.016308              41258             2273.859766     
       26.90               5.016308              41396             2221.244861     
       27.00               5.016308              41456             2077.760474     
       27.10               5.016308              41582             1932.927016     
       27.20               5.016308              41661             2005.704780     
       27.30               5.016308              41727             2081.756347     
       27.40               5.016308              41751             2141.545865     
       27.50               5.016308              41751             2172.258905     
       27.60               5.016308              41769             2270.393573     
       27.70               5.016308              41630             2357.769754     
       27.80               5.016308              41693             2393.224475     
       27.90               5.016308              41561             2321.735939     
       28.00               5.016308              41584             2324.564643     
       28.10               5.016308              41652             2309.667011     
       28.20               5.016308              41483             2131.774499     
       28.30               5.016308              41592             2136.354678     
       28.40               5.016308              41672             2240.356788     
       28.50               5.016308              41640             2183.102900     
       28.60               5.016308              41689             1995.843145     
       28.70               5.016308              41730             2099.568339     
       28.80               5.016308              41428             2023.516045     
       28.90               5.016308              41382             1848.088115     
       29.00               5.016308              41357             1738.154219     
       29.10               5.016308              41393             1633.469190     
       29.20               5.016308              41334             1860.564807     
       29.30               5.016308              41279             2037.641989     
       29.40               5.016308              41148             2131.483573     
       29.50               5.016308              41095             2169.830330     
       29.60               5.016308              41210             2282.735718     
       29.70               5.016308              41438             2238.411738     
       29.80               5.016308              41337             2407.912146     
       29.90               5.016308              41408             2313.487005     
       30.00               5.016308              41458             2085.427187     
       30.10               5.016308              41441             2102.094177     
       30.20               5.016308              41541             2109.534984     
       30.30               5.016308              41552             2079.454290     
       30.40               5.016308              41431             2017.448289     
       30.50               5.016308              41328             2097.850973     
       30.60               5.016308              41350             2283.087436     
       30.70               5.016308              41197             2299.468114     
       30.80               5.016308              41049             2256.997744     
       30.90               5.016308              41142             2279.570151     
       31.00               5.016308              41226             2156.992257     
       31.10               5.016308              41207             1876.823046     
       31.20               5.016308              41295             2056.242429     
       31.30               5.016308              41249             2134.571847     
       31.40               5.016308              41205             2199.345321     
       31.50               5.016308              41180             2279.662504     
       31.60               5.016308              41037             2284.235343     
       31.70               5.016308              41101             2073.612013     
       31.80               5.016308              41116             2232.669738     
       31.90               5.016308              41323             2013.588324     
       32.00               5.016308              41390             2039.103045     
       32.10               5.016308              41486             1993.912043     
       32.20               5.016308              41496             2082.187278     
       32.30               5.016308              41571             2020.986077     
       32.40               5.016308              41605             2034.281851     
       32.50               5.016308              41487             1899.626191     
       32.60               5.016308              41337             2017.721158     
       32.70               5.016308              41307             1963.833391     
       32.80               5.016308              41389             2137.918636     
       32.90               5.016308              41309             2076.120297     
       33.00               5.016308              41363             2089.703411     
       33.10               5.016308              41417             2028.979928     
       33.20               5.016308              41239             2055.398299     
       33.30               5.016308              41120             2211.895273     
       33.40               5.016308              41212             2306.558237     
       33.50               5.016308              41260             2171.170407     
       33.60               5.016308              41285             2215.821001     
       33.70               5.016308              41308             2131.176883     
       33.80               5.016308              41267             2246.874086     
       33.90               5.016308              41303             2348.490981     
       34.00               5.016308              41330             2347.769044     
       34.10               5.016308              41282             2085.667936     
       34.20               5.016308              40968             2218.946758     
       34.30               5.016308              40866             2134.078770     
       34.40               5.016308              40966             1784.850228     
       34.50               5.016308              40847             1821.003552     
       34.60               5.016308              40676             2031.158284     
       34.70               5.016308              40819             2004.852397     
       34.80               5.016308              40849             2140.964596     
       34.90               5.016308              40849             2185.463224     
       35.00               5.016308              40974             2140.453099     
       35.10               5.016308              41106             2279.628708     
       35.20               5.016308              41391             2281.899953     
       35.30               5.016308              41426             2192.572067     
       35.40               5.016308              41548             2187.334722     
       35.50               5.016308              41518             1951.331898     
       35.60               5.016308              41591             1860.486729     
       35.70               5.016308              41437             1914.676695     
       35.80               5.016308              41270             1833.370474     
       35.90               5.016308              41081             1945.115234     
       36.00               5.016308              40875             1791.717934     
       36.10               5.016308              40777             1749.164997     
       36.20               5.016308              40418             1969.970600     
       36.30               5.016308              40395             1943.801226     
       36.40               5.016308              40452             2007.172116     
       36.50               5.016308              40529             2079.903953     
       36.60               5.016308              40431             2187.089392     
       36.70               5.016308              40489             2251.562121     
       36.80               5.016308              40541             2210.935502     
       36.90               5.016308              40446             1987.017399     
       37.00               5.016308              40533             1890.249385     
       37.10               5.016308              40575             1875.653525     
       37.20               5.016308              40608             2030.768645     
       37.30               5.016308              40690             1995.627306     
       37.40               5.016308              40687             2021.455188     
       37.50               5.016308              40718             2058.817026     
       37.60               5.016308              40704             2095.950370     
       37.70               5.016308              40473             2063.536102     
       37.80               5.016308              40597             2230.326940     
       37.90               5.016308              40803             2287.936839     
       38.00               5.016308              40948             2209.091398     
       38.10               5.016308              41013             2173.842163     
       38.20               5.016308              41018             2265.963457     
       38.30               5.016308              41043             2238.720554     
       38.40               5.016308              41127             2006.703051     
       38.50               5.016308              40923             2054.553174     
       38.60               5.016308              40864             2098.682081     
       38.70               5.016308              40617             2094.159716     
       38.80               5.016308              40638             2027.171840     
       38.90               5.016308              40570             2118.696868     
       39.00               5.016308              40709             2260.638888     
       39.10               5.016308              40755             2155.575074     
       39.20               5.016308              40742             1962.939745     
       39.30               5.016308              40793             2030.637829     
       39.40               5.016308              40743             2015.907989     
       39.50               5.016308              40716             2044.036343     
       39.60               5.016308              40533             2069.252416     
       39.70               5.016308              40500             2240.675600     
       39.80               5.016308              40588             2333.420726     
       39.90               5.016308              40734             2267.163393     
       40.00               5.016308              40808             2170.721346     
       40.10               5.016308              40737             2031.289353     
       40.20               5.016308              40487             2080.756992     
       40.30               5.016308              40390             2069.652957     
       40.40               5.016308              40328             2061.770236     
       40.50               5.016308              40440             2013.888345     
       40.60               5.016308              40488             2058.571559     
       40.70               5.016308              40541             2191.875024     
       40.80               5.016308              40653             2301.654362     
       40.90               5.016308              40864             2220.059267     
       41.00               5.016308              40881             2189.005768     
       41.10               5.016308              40830             2119.110224     
       41.20               5.016308              40859             2069.125110     
       41.30               5.016308              40833             1967.572857     
       41.40               5.016308              40718             1884.770915     
       41.50               5.016308              40636             1971.951139     
       41.60               5.016308              40594             1903.545593     
       41.70               5.016308              40730             1949.940682     
       41.80               5.016308              40915             1914.053450     
       41.90               5.016308              40871             1949.148974     
       42.00               5.016308              40713             2170.583855     
       42.10               5.016308              40897             2174.419350     
       42.20               5.016308              40938             2211.542613     
       42.30               5.016308              41121             2163.866062     
       42.40               5.016308              41157             2076.111031     
       42.50               5.016308              41173             2306.880846     
       42.60               5.016308              41132             2130.107392     
       42.70               5.016308              41098             2032.390351     
       42.80               5.016308              40912             1805.270273     
       42.90               5.016308              40909             2060.113820     
       43.00               5.016308              40905             1846.608487     
       43.10               5.016308              40928             1875.663989     
       43.20               5.016308              40905             2061.790420     
       43.30               5.016308              40991             2070.457674     
       43.40               5.016308              40824             1995.633505     
       43.50               5.016308              40645             2044.389643     
       43.60               5.016308              40628             2186.316994     
       43.70               5.016308              40527             2137.011748     
       43.80               5.016308              40339             2076.704036     
       43.90               5.016308              40115             2042.202611     
       44.00               5.016308              40182             1992.975504     
       44.10               5.016308              40012             2184.483251     
       44.20               5.016308              40015             2324.303103     
       44.30               5.016308              40096             2244.674191     
       44.40               5.016308              40305             2313.081407     
       44.50               5.016308              40422             2271.803692     
       44.60               5.016308              40758             2292.435039     
       44.70               5.016308              40982             2333.225104     
       44.80               5.016308              41101             2203.783340     
       44.90               5.016308              40969             2022.380108     
       45.00               5.016308              40935             2059.848660     
       45.10               5.016308              41165             1935.220448     
       45.20               5.016308              41242             2136.399814     
       45.30               5.016308              41273             2098.006045     
       45.40               5.016308              41352             2036.047856     
       45.50               5.016308              41191             2052.172203     
       45.60               5.016308              41213             1962.309438     
       45.70               5.016308              41243             2159.053716     
       45.80               5.016308              41225             2023.406220     
       45.90               5.016308              41156             1970.631234     
       46.00               5.016308              40978             2142.256664     
       46.10               5.016308              40960             2337.089585     
       46.20               5.016308              41025             2141.305704     
       46.30               5.016308              40980             2231.227646     
       46.40               5.016308              40937             2069.954314     
       46.50               5.016308              40957             2059.227478     
       46.60               5.016308              41102             2132.199763     
       46.70               5.016308              41162             2051.818070     
       46.80               5.016308              41289             2128.159870     
       46.90               5.016308              41314             2171.069949     
       47.00               5.016308              41215             2275.695066     
       47.10               5.016308              41045             2027.156820     
       47.20               5.016308              40927             2337.387451     
       47.30               5.016308              40943             2182.498012     
       47.40               5.016308              40866             2146.703201     
       47.50               5.016308              40934             2115.135980     
       47.60               5.016308              41036             2224.928859     
       47.70               5.016308              40993             2067.613760     
       47.80               5.016308              40884             2004.739347     
       47.90               5.016308              40841             1893.797212     
       48.00               5.016308              40996             1932.716429     
       48.10               5.016308              41102             1958.707118     
       48.20               5.016308              41071             1956.984067     
       48.30               5.016308              40861             1977.970816     
       48.40               5.016308              40954             1918.426643     
       48.50               5.016308              40931             2050.168680     
       48.60               5.016308              40872             2050.957794     
       48.70               5.016308              40996             1996.867121     
       48.80               5.016308              41009             1921.491191     
       48.90               5.016308              41117             1791.245925     
       49.00               5.016308              41209             1764.914061     
       49.10               5.016308              41266             1709.174204     
       49.20               5.016308              41004             1745.837812     
       49.30               5.016308              40961             1929.572672     
       49.40               5.016308              41054             1834.633572     
       49.50               5.016308              41057             1895.022701     
       49.60               5.016308              40753             1899.409354     
       49.70               5.016308              40681             1974.398636     
       49.80               5.016308              40769             1910.893857     
       49.90               5.016308              40833             2049.715968     
       50.00               5.016308              40711             1952.308635     
       50.10               5.016308              40778             2148.697750     
       50.20               5.016308              40976             2170.154085     
       50.30               5.016308              41009             2287.507558     
       50.40               5.016308              41163             2170.532900     
       50.50               5.016308              41352             1991.308973     
       50.60               5.016308              41369             2005.503791     
       50.70               5.016308              41457             1905.867844     
       50.80               5.016308              41512             1978.060156     
       50.90               5.016308              41385             1847.653751     
       51.00               5.016308              41125             1919.590423     
       51.10               5.016308              40998             1937.222513     
       51.20               5.016308              40816             2065.741768     
       51.30               5.016308              40685             2003.772555     
       51.40               5.016308              40659             2028.423858     
       51.50               5.016308              40412             2078.912569     
       51.60               5.016308              40392             2074.891329     
       51.70               5.016308              40630             2188.311193     
       51.80               5.016308              40576             2255.877924     
       51.90               5.016308              40506             2332.218276     
       52.00               5.016308              40563             2312.742004     
       52.10               5.016308              40743             2233.699142     
       52.20               5.016308              40650             2314.072306     
       52.30               5.016308              40753             2338.148206     
       52.40               5.016308              40573             2223.082493     
       52.50               5.016308              40561             2337.669489     
       52.60               5.016308              40473             2335.458754     
       52.70               5.016308              40306             2308.175033     
       52.80               5.016308              40176             2177.356300     
       52.90               5.016308              40472             2133.532904     
       53.00               5.016308              40531             2345.634118     
       53.10               5.016308              40766             2258.868126     
       53.20               5.016308              40778             2044.451255     
       53.30               5.016308              40755             2011.862173     
       53.40               5.016308              40872             2054.508573     
       53.50               5.016308              40970             1972.069197     
       53.60               5.016308              41048             1914.565724     
       53.70               5.016308              40975             1826.068516     
       53.80               5.016308              40850             1861.044585     
       53.90               5.016308              40773             1967.735052     
       54.00               5.016308              40625             2028.814194     
       54.10               5.016308              40787             1991.169419     
       54.20               5.016308              40719             2014.777496     
       54.30               5.016308              40672             1988.813008     
       54.40               5.016308              40685             1828.916546     
       54.50               5.016308              40534             1984.375164     
       54.60               5.016308              40557             1990.825959     
       54.70               5.016308              40539             1795.224603     
       54.80               5.016308              40490             1750.821336     
       54.90               5.016308              40509             1773.319285     
       55.00               5.016308              40505             1836.801999     
       55.10               5.016308              40443             1739.417394     
       55.20               5.016308              40409             1781.983184     
       55.30               5.016308              40410             1725.048461     
       55.40               5.016308              40388             1957.256741     
       55.50               5.016308              40344             1828.977543     
       55.60               5.016308              40394             1899.631794     
       55.70               5.016308              40388             2085.110831     
       55.80               5.016308              40373             2193.706960     
       55.90               5.016308              40487             2115.250858     
       56.00               5.016308              40613             2121.525829     
       56.10               5.016308              40720             2085.314503     
       56.20               5.016308              40762             2050.178006     
       56.30               5.016308              40602             2175.170835     
       56.40               5.016308              40472             2108.482090     
       56.50               5.016308              40609             2136.757665     
       56.60               5.016308              40679             2216.930100     
       56.70               5.016308              40684             2182.434264     
       56.80               5.016308              40715             2249.353628     
       56.90               5.016308              40637             2275.291679     
       57.00               5.016308              40662             2273.992507     
       57.10               5.016308              40669             2295.323135     
       57.20               5.016308              40693             2224.871042     
       57.30               5.016308              40783             2146.673514     
       57.40               5.016308              40758             1828.571876     
       57.50               5.016308              40827             1835.018176     
       57.60               5.016308              40930             1841.139558     
       57.70               5.016308              41014             1828.491971     
       57.80               5.016308              41099             1912.356152     
       57.90               5.016308              41043             2035.752033     
       58.00               5.016308              41005             2108.245751     
       58.10               5.016308              41049             2096.303367     
       58.20               5.016308              40893             1974.253343     
       58.30               5.016308              41075             2041.914053     
       58.40               5.016308              41218             2041.304673     
       58.50               5.016308              41297             1798.732380     
       58.60               5.016308              41227             1793.083697     
       58.70               5.016308              41135             1865.764826     
       58.80               5.016308              41151             2010.629859     
       58.90               5.016308              41190             2070.568184     
       59.00               5.016308              41162             2209.506040     
       59.10               5.016308              41130             2147.450010     
       59.20               5.016308              41139             2108.831007     
       59.30               5.016308              41048             2157.423806     
       59.40               5.016308              41013             2125.862396     
       59.50               5.016308              40996             2066.156860     
       59.60               5.016308              40960             2091.426403     
       59.70               5.016308              40859             1981.727316     
       59.80               5.016308              40833             1797.100240     
       59.90               5.016308              40661             1962.669590     
       60.00               5.016308              40726             1956.494625     
       60.10               5.016308              40791             2029.993613     
       60.20               5.016308              40754             1929.345971     
       60.30               5.016308              40886             1847.061355     
       60.40               5.016308              40800             1799.971535     
       60.50               5.016308              40578             1921.948009     
       60.60               5.016308              40436             2100.558145     
       60.70               5.016308              40392             2096.263345     
       60.80               5.016308              40314             2136.141550     
       60.90               5.016308              40537             2163.355605     
       61.00               5.016308              40638             2166.737876     
       61.10               5.016308              40658             2125.018922     
       61.20               5.016308              40603             2297.256914     
       61.30               5.016308              40674             2213.987999     
       61.40               5.016308              40760             2211.192206     
       61.50               5.016308              40856             2074.839474     
       61.60               5.016308              40870             2021.343776     
       61.70               5.016308              40840             2193.661355     
       61.80               5.016308              40961             1996.460559     
       61.90               5.016308              40774             1900.357442     
       62.00               5.016308              40698             2007.520657     
       62.10               5.016308              40948             2059.823373     
       62.20               5.016308              40901             2056.326805     
       62.30               5.016308              40970             2117.582334     
       62.40               5.016308              40719             1993.411078     
       62.50               5.016308              40520             2024.371814     
       62.60               5.016308              40385             1890.044159     
       62.70               5.016308              40388             1904.247059     
       62.80               5.016308              40396             1934.102607     
       62.90               5.016308              40246             2032.184859     
       63.00               5.016308              40089             1992.020191     
       63.10               5.016308              40122             1976.273913     
       63.20               5.016308              40103             1932.618236     
       63.30               5.016308              40317             1914.292060     
       63.40               5.016308              40442             1770.897557     
       63.50               5.016308              40447             1724.620750     
       63.60               5.016308              40636             1719.649508     
       63.70               5.016308              40837             1621.574891     
       63.80               5.016308              40910             1801.239483     
       63.90               5.016308              40886             1884.463382     
       64.00               5.016308              40828             1912.022674     
       64.10               5.016308              40717             1808.657675     
       64.20               5.016308              40710             1784.571666     
       64.30               5.016308              40747             1860.828570     
       64.40               5.016308              40671             1938.779554     
       64.50               5.016308              40426             1992.822840     
       64.60               5.016308              40335             2037.239751     
       64.70               5.016308              40288             2023.339261     
       64.80               5.016308              40219             1972.592901     
       64.90               5.016308              40307             1846.691530     
       65.00               5.016308              40228             1755.017208     
       65.10               5.016308              40424             1901.145500     
       65.20               5.016308              40526             1874.016950     
       65.30               5.016308              40746             1884.916199     
       65.40               5.016308              40773             1861.597367     
       65.50               5.016308              40633             1806.585684     
       65.60               5.016308              40565             1749.522110     
       65.70               5.016308              40539             1803.590870     
       65.80               5.016308              40533             1925.130950     
       65.90               5.016308              40583             1892.132598     
       66.00               5.016308              40617             2031.412968     
       66.10               5.016308              40603             2062.983906     
       66.20               5.016308              40538             2077.378622     
       66.30               5.016308              40423             2100.667761     
       66.40               5.016308              40380             2025.011674     
       66.50               5.016308              40338             2093.486610     
       66.60               5.016308              40310             2033.127098     
       66.70               5.016308              40487             1988.466736     
       66.80               5.016308              40537             2112.596551     
       66.90               5.016308              40618             2121.214263     
       67.00               5.016308              40656             2083.321164     
       67.10               5.016308              40717             2003.706722     
       67.20               5.016308              40617             2020.306356     
       67.30               5.016308              40470             2025.636153     
       67.40               5.016308              40795             2008.992957     
       67.50               5.016308              40951             1885.112863     
       67.60               5.016308              40921             1921.760107     
       67.70               5.016308              40731             1924.385166     
       67.80               5.016308              40696             2054.387619     
       67.90               5.016308              40918             2068.166944     
       68.00               5.016308              40769             2085.583752     
       68.10               5.016308              40896             1968.292438     
       68.20               5.016308              40909             2062.935470     
       68.30               5.016308              40985             2088.929940     
       68.40               5.016308              41048             1792.996342     
       68.50               5.016308              40928             1846.860065     
       68.60               5.016308              40769             2043.408203     
       68.70               5.016308              40781             2152.561600     
       68.80               5.016308              40705             2113.590259     
       68.90               5.016308              40611             2278.207808     
       69.00               5.016308              40500             2130.985096     
       69.10               5.016308              40408             1911.499770     
       69.20               5.016308              40576             1878.360653     
       69.30               5.016308              40623             2075.652907     
       69.40               5.016308              40749             2203.749468     
       69.50               5.016308              40614             2216.660226     
       69.60               5.016308              40651             2202.251682     
       69.70               5.016308              40674             2141.262017     
       69.80               5.016308              40708             2061.224255     
       69.90               5.016308              40780             2041.145508     
       70.00               5.016308              40835             2165.462176     
       70.10               5.016308              40904             2006.905984     
       70.20               5.016308              40952             2182.694775     
       70.30               5.016308              40944             2128.704685     
       70.40               5.016308              40793             2034.582634     
       70.50               5.016308              40765             1975.693431     
       70.60               5.016308              40648             2149.035262     
       70.70               5.016308              40725             1974.417070     
       70.80               5.016308              40617             1813.110257     
       70.90               5.016308              40447             1893.983438     
       71.00               5.016308              40304             1898.487088     
       71.10               5.016308              40316             2033.829802     
       71.20               5.016308              40383             2093.277693     
       71.30               5.016308              40428             2071.248324     
       71.40               5.016308              40248             2055.272504     
       71.50               5.016308              40065             2052.741996     
       71.60               5.016308              40199             1938.368071     
       71.70               5.016308              40319             2117.202796     
       71.80               5.016308              40456             1893.782560     
       71.90               5.016308              40428             1935.114595     
       72.00               5.016308              40623             1886.099214     
       72.10               5.016308              40643             2005.457270     
       72.20               5.016308              40651             2097.165929     
       72.30               5.016308              40484             2129.077112     
       72.40               5.016308              40366             2005.576060     
       72.50               5.016308              40316             1738.351440     
       72.60               5.016308              40349             1902.353084     
       72.70               5.016308              40114             2077.796404     
       72.80               5.016308              39986             2037.342440     
       72.90               5.016308              40248             1869.571484     
       73.00               5.016308              40202             1872.664949     
       73.10               5.016308              40326             2099.954093     
       73.20               5.016308              40380             2042.285670     
       73.30               5.016308              40558             1979.658261     
       73.40               5.016308              40462             2028.951634     
       73.50               5.016308              40533             1952.075312     
       73.60               5.016308              40534             1934.737385     
       73.70               5.016308              40526             1936.360671     
       73.80               5.016308              40682             1962.443491     
       73.90               5.016308              40410             2080.172083     
       74.00               5.016308              40380             2018.259579     
       74.10               5.016308              40177             2050.005297     
       74.20               5.016308              40087             2045.190536     
       74.30               5.016308              39965             2033.050421     
       74.40               5.016308              39835             2183.396403     
       74.50               5.016308              39930             2218.244361     
       74.60               5.016308              40051             2210.337744     
       74.70               5.016308              39973             2124.991698     
       74.80               5.016308              40321             2223.251464     
       74.90               5.016308              40578             2160.836673     
       75.00               5.016308              40598             2043.749672     
       75.10               5.016308              40771             1945.358450     
       75.20               5.016308              40911             1950.257968     
       75.30               5.016308              40853             1881.967996     
       75.40               5.016308              40959             1936.382875     
       75.50               5.016308              40890             2013.329511     
       75.60               5.016308              40834             1968.839152     
       75.70               5.016308              40850             1928.109669     
       75.80               5.016308              40843             2142.369577     
       75.90               5.016308              40928             1992.512701     
       76.00               5.016308              40855             1832.385480     
       76.10               5.016308              40444             1960.006542     
       76.20               5.016308              40434             1845.264593     
       76.30               5.016308              40440             2149.389417     
       76.40               5.016308              40464             2098.859066     
       76.50               5.016308              40520             2136.996399     
       76.60               5.016308              40338             2035.157777     
       76.70               5.016308              40399             2250.793262     
       76.80               5.016308              40396             2253.692867     
       76.90               5.016308              40376             2187.222775     
       77.00               5.016308              40375             2140.782560     
       77.10               5.016308              40294             2229.291468     
       77.20               5.016308              40395             2216.807431     
       77.30               5.016308              40343             2165.538505     
       77.40               5.016308              40431             2193.616793     
       77.50               5.016308              40657             1998.947541     
       77.60               5.016308              40781             1959.619439     
       77.70               5.016308              40857             1824.396289     
       77.80               5.016308              40645             1843.348602     
       77.90               5.016308              40481             1877.796628     
       78.00               5.016308              40459             2076.566873     
       78.10               5.016308              40418             2068.749072     
       78.20               5.016308              40409             2101.696348     
       78.30               5.016308              40401             2020.643857     
       78.40               5.016308              40278             2013.260003     
       78.50               5.016308              40235             2348.443655     
       78.60               5.016308              40092             2389.812968     
       78.70               5.016308              40027             2198.150568     
       78.80               5.016308              39936             2241.944962     
       78.90               5.016308              40090             2129.180032     
       79.00               5.016308              40188             2279.965270     
       79.10               5.016308              40301             2361.087848     
       79.20               5.016308              40278             2309.644967     
       79.30               5.016308              40112             2174.428969     
       79.40               5.016308              40217             2009.547010     
       79.50               5.016308              40415             2079.453060     
       79.60               5.016308              40486             1975.798025     
       79.70               5.016308              40473             2071.337814     
       79.80               5.016308              40514             1988.815777     
       79.90               5.016308              40331             1847.220056     
       80.00               5.016308              40390             1880.912743     
       80.10               5.016308              40443             1985.110467     
       80.20               5.016308              40531             2037.111840     
       80.30               5.016308              40679             1887.327413     
       80.40               5.016308              40608             1956.244473     
       80.50               5.016308              40480             1939.862873     
       80.60               5.016308              40457             1922.019786     
       80.70               5.016308              40300             2016.169492     
       80.80               5.016308              40467             2077.733548     
       80.90               5.016308              40274             2122.513551     
       81.00               5.016308              40303             1981.274395     
       81.10               5.016308              40317             1910.334136     
       81.20               5.016308              40253             2058.336428     
       81.30               5.016308              40364             2190.451059     
       81.40               5.016308              40457             2061.794412     
       81.50               5.016308              40555             1952.193069     
       81.60               5.016308              40557             1881.033264     
       81.70               5.016308              40471             1895.219793     
       81.80               5.016308              40410             1874.590284     
       81.90               5.016308              40229             1722.468598     
       82.00               5.016308              40398             1927.715261     
       82.10               5.016308              40341             1908.197772     
       82.20               5.016308              40271             1828.614177     
       82.30               5.016308              40348             1709.152687     
       82.40               5.016308              40198             1771.415906     
       82.50               5.016308              40245             1863.764189     
       82.60               5.016308              40163             1781.654538     
       82.70               5.016308              40234             1764.110367     
       82.80               5.016308              40342             1809.038957     
       82.90               5.016308              40485             1936.217210     
       83.00               5.016308              40360             2092.198776     
       83.10               5.016308              40455             2353.306052     
       83.20               5.016308              40493             2150.613756     
       83.30               5.016308              40578             2105.203709     
       83.40               5.016308              40588             2226.206009     
       83.50               5.016308              40638             2192.195262     
       83.60               5.016308              40681             1879.904844     
       83.70               5.016308              40563             1839.587674     
       83.80               5.016308              40420             1841.162279     
       83.90               5.016308              40232             2078.426221     
       84.00               5.016308              40236             2206.894041     
       84.10               5.016308              40224             2171.816676     
       84.20               5.016308              40268             2222.244298     
       84.30               5.016308              40323             1976.749523     
       84.40               5.016308              40389             2037.822132     
       84.50               5.016308              40462             2031.992150     
       84.60               5.016308              40398             2107.710016     
       84.70               5.016308              40171             2265.995789     
       84.80               5.016308              40233             2361.757973     
       84.90               5.016308              40276             2340.321854     
       85.00               5.016308              40272             2177.967848     
       85.10               5.016308              40305             2083.032863     
       85.20               5.016308              40294             1873.192628     
       85.30               5.016308              40267             1861.119812     
       85.40               5.016308              40487             1917.066373     
       85.50               5.016308              40514             1917.956348     
       85.60               5.016308              40456             1962.316095     
       85.70               5.016308              40354             1963.247160     
       85.80               5.016308              40235             1763.520993     
       85.90               5.016308              40120             1848.010005     
       86.00               5.016308              40161             1816.394807     
       86.10               5.016308              40216             1857.821521     
       86.20               5.016308              40392             1915.913466     
       86.30               5.016308              40393             1807.660080     
       86.40               5.016308              40359             1832.008033     
       86.50               5.016308              40521             1745.850051     
       86.60               5.016308              40525             1674.405104     
       86.70               5.016308              40608             1836.073715     
       86.80               5.016308              40516             1919.427296     
       86.90               5.016308              40388             1764.143069     
       87.00               5.016308              40253             1916.362016     
       87.10               5.016308              39954             2122.331856     
       87.20               5.016308              40042             2115.226241     
       87.30               5.016308              39881             2150.506442     
       87.40               5.016308              40061             2006.565522     
       87.50               5.016308              40250             2033.032331     
       87.60               5.016308              40338             1977.829864     
       87.70               5.016308              40311             2154.825734     
       87.80               5.016308              40392             2230.475431     
       87.90               5.016308              40205             2064.805181     
       88.00               5.016308              40193             1981.456870     
       88.10               5.016308              40099             2161.930138     
       88.20               5.016308              40069             2257.146590     
       88.30               5.016308              40105             1990.703011     
       88.40               5.016308              40174             1968.935698     
       88.50               5.016308              40278             2003.969515     
       88.60               5.016308              40283             2006.512643     
       88.70               5.016308              40159             1963.373224     
       88.80               5.016308              40114             2117.617253     
       88.90               5.016308              40189             2166.733978     
       89.00               5.016308              40099             2121.009773     
       89.10               5.016308              39895             2235.870462     
       89.20               5.016308              39758             2294.092174     
       89.30               5.016308              39932             2193.382524     
       89.40               5.016308              40078             2152.979503     
       89.50               5.016308              40045             1977.884393     
       89.60               5.016308              40162             2207.210558     
       89.70               5.016308              40353             2328.374628     
       89.80               5.016308              40386             2272.398199     
       89.90               5.016308              40341             2272.559654     
       90.00               5.016308              40549             2417.972507     
       90.10               5.016308              40486             2418.539347     
       90.20               5.016308              40475             2263.548610     
       90.30               5.016308              40503             2109.899936     
       90.40               5.016308              40633             2046.966160     
       90.50               5.016308              40684             1945.449633     
       90.60               5.016308              40732             1863.485713     
       90.70               5.016308              40429             1901.507481     
       90.80               5.016308              40380             1886.154042     
       90.90               5.016308              40403             1876.717478     
       91.00               5.016308              40378             1800.754152     
       91.10               5.016308              40608             1964.978797     
       91.20               5.016308              40499             2091.670194     
       91.30               5.016308              40524             1891.030247     
       91.40               5.016308              40732             1909.870050     
       91.50               5.016308              40721             2048.034971     
       91.60               5.016308              40640             1888.380569     
       91.70               5.016308              40637             1892.946330     
       91.80               5.016308              40349             1826.280866     
       91.90               5.016308              40546             1710.820446     
       92.00               5.016308              40466             1593.803642     
       92.10               5.016308              40629             1690.633261     
       92.20               5.016308              40469             1660.183610     
       92.30               5.016308              40478             1642.276797     
       92.40               5.016308              40593             1729.827260     
       92.50               5.016308              40563             1660.503142     
       92.60               5.016308              40419             1702.188509     
       92.70               5.016308              40506             1654.692044     
       92.80               5.016308              40363             1681.317830     
       92.90               5.016308              40363             1797.605972     
       93.00               5.016308              40127             1832.492343     
       93.10               5.016308              40019             1939.927483     
       93.20               5.016308              39915             2037.197024     
       93.30               5.016308              39879             2073.060591     
       93.40               5.016308              39763             2119.183645     
       93.50               5.016308              39899             2039.450358     
       93.60               5.016308              39961             1854.444016     
       93.70               5.016308              39957             1939.396506     
       93.80               5.016308              39958             1863.869373     
       93.90               5.016308              39990             2050.875085     
       94.00               5.016308              40035             2140.973667     
       94.10               5.016308              40017             2194.299264     
       94.20               5.016308              40191             2162.156142     
       94.30               5.016308              40316             2077.001266     
       94.40               5.016308              40449             1982.179462     
       94.50               5.016308              40246             2082.783814     
       94.60               5.016308              39994             1982.867958     
       94.70               5.016308              40054             2035.584828     
       94.80               5.016308              40042             1886.195067     
       94.90               5.016308              40176             1931.093146     
       95.00               5.016308              40101             1897.136739     
       95.10               5.016308              39972             1993.005188     
       95.20               5.016308              40000             1857.543991     
       95.30               5.016308              40048             1845.033460     
       95.40               5.016308              40039             1678.632228     
       95.50               5.016308              39992             1709.441542     
       95.60               5.016308              39936             1630.248574     
       95.70               5.016308              39973             1864.046831     
       95.80               5.016308              39892             2009.591698     
       95.90               5.016308              40091             1882.620172     
       96.00               5.016308              40075             1867.406708     
       96.10               5.016308              40209             1864.378966     
       96.20               5.016308              40127             1791.040622     
       96.30               5.016308              40089             1763.736494     
       96.40               5.016308              40138             1864.368412     
       96.50               5.016308              39985             1862.623923     
       96.60               5.016308              40064             1740.422212     
       96.70               5.016308              39976             1774.774467     
       96.80               5.016308              40036             1856.734236     
       96.90               5.016308              39972             2035.752392     
       97.00               5.016308              40030             1966.293304     
       97.10               5.016308              40068             2183.558231     
       97.20               5.016308              40086             2184.015662     
       97.30               5.016308              40001             2112.556984     
       97.40               5.016308              39888             2114.323778     
       97.50               5.016308              40028             2181.032731     
       97.60               5.016308              40173             2238.784418     
       97.70               5.016308              40301             2257.048746     
       97.80               5.016308              40477             2177.132736     
       97.90               5.016308              40562             2254.977158     
       98.00               5.016308              40636             2158.787276     
       98.10               5.016308              40628             2055.968826     
       98.20               5.016308              40486             2116.469198     
       98.30               5.016308              40358             2132.587861     
       98.40               5.016308              40274             2026.796341     
       98.50               5.016308              40449             2072.670410     
       98.60               5.016308              40548             1810.297160     
       98.70               5.016308              40567             1765.555182     
       98.80               5.016308              40705             1792.493755     
       98.90               5.016308              40653             1739.024783     
       99.00               5.016308              40397             1640.032833     
       99.10               5.016308              40116             1956.514336     
       99.20               5.016308              39937             2017.190211     
       99.30               5.016308              39876             2020.509897     
       99.40               5.016308              40007             2140.750218     
       99.50               5.016308              40041             2089.140163     
       99.60               5.016308              40152             1939.732502     
       99.70               5.016308              40352             2055.307950     
       99.80               5.016308              40387             1970.372310     
