        tauB               sizeBin             clust_size      press_align
        0.00               5.016308              38874             7253.383804     
        0.10               5.016308              38939             6318.274873     
        0.20               5.016308              39328             4955.153460     
        0.30               5.016308              39770             3993.584953     
        0.40               5.016308              40157             3219.420475     
        0.50               5.016308              40624             2745.301506     
        0.60               5.016308              41005             2103.170460     
        0.70               5.016308              41224             1722.519202     
        0.80               5.016308              41494             1487.037087     
        0.90               5.016308              41594             1235.307757     
        1.00               5.016308              41658             1101.944774     
        1.10               5.016308              41779              978.854052     
        1.20               5.016308              41725              940.968011     
        1.30               5.016308              41738              791.062445     
        1.40               5.016308              41742              668.217164     
        1.50               5.016308              41719              767.889087     
        1.60               5.016308              41761              801.253665     
        1.70               5.016308              41755              722.081358     
        1.80               5.016308              41650              882.799829     
        1.90               5.016308              41441              882.042024     
        2.00               5.016308              41518              865.870888     
        2.10               5.016308              41538              844.353319     
        2.20               5.016308              41395              826.636436     
        2.30               5.016308              41296              907.096599     
        2.40               5.016308              41010              860.166496     
        2.50               5.016308              40890              920.012621     
        2.60               5.016308              40589              951.045904     
        2.70               5.016308              40423             1078.610285     
        2.80               5.016308              40496             1030.344961     
        2.90               5.016308              40412              977.165009     
        3.00               5.016308              40471              762.377207     
        3.10               5.016308              40515              765.273266     
        3.20               5.016308              40524              820.483105     
        3.30               5.016308              40552              706.100140     
        3.40               5.016308              40549              796.643682     
        3.50               5.016308              40501              869.616200     
        3.60               5.016308              40550              729.099300     
        3.70               5.016308              40618              654.233894     
        3.80               5.016308              40692              704.871983     
        3.90               5.016308              40607              783.030577     
        4.00               5.016308              40613              834.612540     
        4.10               5.016308              40569              790.272338     
        4.20               5.016308              40710              788.130375     
        4.30               5.016308              40796              748.612356     
        4.40               5.016308              40753              922.981260     
        4.50               5.016308              40771              993.768245     
        4.60               5.016308              40595             1118.588094     
        4.70               5.016308              40581             1048.547038     
        4.80               5.016308              40478             1048.270501     
        4.90               5.016308              40341             1013.595206     
        5.00               5.016308              40296              981.547083     
        5.10               5.016308              40259             1071.225051     
        5.20               5.016308              40289             1090.145083     
        5.30               5.016308              40446              999.435749     
        5.40               5.016308              40525             1122.544965     
        5.50               5.016308              40423             1167.672964     
        5.60               5.016308              40453             1114.779169     
        5.70               5.016308              40432             1175.096309     
        5.80               5.016308              40527             1061.385998     
        5.90               5.016308              40566              813.093548     
        6.00               5.016308              40580              786.831049     
        6.10               5.016308              40500              682.173425     
        6.20               5.016308              40570              758.835434     
        6.30               5.016308              40543              730.442196     
        6.40               5.016308              40541              871.910710     
        6.50               5.016308              40591              801.412268     
        6.60               5.016308              40595              911.641516     
        6.70               5.016308              40506              914.510419     
        6.80               5.016308              40423              826.599082     
        6.90               5.016308              40408              807.660334     
        7.00               5.016308              40306              969.945719     
        7.10               5.016308              40261              956.064980     
        7.20               5.016308              40276              883.423040     
        7.30               5.016308              40246             1021.886368     
        7.40               5.016308              40293             1040.582678     
        7.50               5.016308              40307              977.987941     
        7.60               5.016308              40365             1016.287777     
        7.70               5.016308              40371              904.486356     
        7.80               5.016308              40394              919.793092     
        7.90               5.016308              40334              943.613641     
        8.00               5.016308              40321              871.648815     
        8.10               5.016308              40128              632.056236     
        8.20               5.016308              40123              661.659874     
        8.30               5.016308              40025              807.203189     
        8.40               5.016308              40029              863.449505     
        8.50               5.016308              39998              872.030512     
        8.60               5.016308              40013              895.730311     
        8.70               5.016308              39835              880.226836     
        8.80               5.016308              39972             1012.452112     
        8.90               5.016308              40023              876.431399     
        9.00               5.016308              39999              843.037668     
        9.10               5.016308              40027              698.730185     
        9.20               5.016308              40018              827.747061     
        9.30               5.016308              40111              794.769835     
        9.40               5.016308              40030              977.672491     
        9.50               5.016308              40029             1069.785581     
        9.60               5.016308              40107              968.731169     
        9.70               5.016308              40046             1016.371136     
        9.80               5.016308              40173             1118.310445     
        9.90               5.016308              40108             1150.102826     
       10.00               5.016308              40228             1077.172271     
       10.10               5.016308              40149              990.647792     
       10.20               5.016308              40094             1032.599080     
       10.30               5.016308              40123             1003.980377     
       10.40               5.016308              40052              894.716459     
       10.50               5.016308              39903              864.892708     
       10.60               5.016308              39857              894.239161     
       10.70               5.016308              39887              907.910179     
       10.80               5.016308              39840              919.911842     
       10.90               5.016308              39846              981.750911     
       11.00               5.016308              39809             1074.540906     
       11.10               5.016308              39792             1033.683633     
       11.20               5.016308              39843             1002.588131     
       11.30               5.016308              39962              939.281560     
       11.40               5.016308              39949              946.826809     
       11.50               5.016308              39906              856.621904     
       11.60               5.016308              39829              823.057268     
       11.70               5.016308              39776              910.755294     
       11.80               5.016308              39723             1064.287252     
       11.90               5.016308              39835             1104.370914     
       12.00               5.016308              39885             1066.587530     
       12.10               5.016308              39944             1189.762136     
       12.20               5.016308              40007             1009.122072     
       12.30               5.016308              40013              893.550912     
       12.40               5.016308              39928              953.387889     
       12.50               5.016308              39963              858.394650     
       12.60               5.016308              39949              883.712241     
       12.70               5.016308              39928              897.091320     
       12.80               5.016308              39947              819.418093     
       12.90               5.016308              39964              884.785516     
       13.00               5.016308              40089             1016.987235     
       13.10               5.016308              40055             1080.142334     
       13.20               5.016308              40199              913.168175     
       13.30               5.016308              40186              890.597274     
       13.40               5.016308              40217             1160.991627     
       13.50               5.016308              40291             1089.247224     
       13.60               5.016308              40511             1021.444330     
       13.70               5.016308              40483             1027.988847     
       13.80               5.016308              40424             1003.690817     
       13.90               5.016308              40353             1000.695052     
       14.00               5.016308              40469             1074.692009     
       14.10               5.016308              40361             1117.115521     
       14.20               5.016308              40172             1129.654387     
       14.30               5.016308              40096             1068.570770     
       14.40               5.016308              40041             1050.110833     
       14.50               5.016308              40046             1241.662006     
       14.60               5.016308              40068             1092.212309     
       14.70               5.016308              40070             1062.644083     
       14.80               5.016308              40041              959.330116     
       14.90               5.016308              40085              994.413443     
       15.00               5.016308              40018              881.946088     
       15.10               5.016308              40068              775.202469     
       15.20               5.016308              40118              803.314747     
       15.30               5.016308              40089              860.147967     
       15.40               5.016308              40203             1030.929618     
       15.50               5.016308              40282             1033.938100     
       15.60               5.016308              40290              943.120105     
       15.70               5.016308              40378              895.579320     
       15.80               5.016308              40356              831.574229     
       15.90               5.016308              40371              907.847849     
       16.00               5.016308              40279              944.368585     
       16.10               5.016308              40199              939.127283     
       16.20               5.016308              40298              947.130999     
       16.30               5.016308              40340              878.910083     
       16.40               5.016308              40342              838.288247     
       16.50               5.016308              40330              809.070501     
       16.60               5.016308              40317              680.924963     
       16.70               5.016308              40343              833.448366     
       16.80               5.016308              40395              858.779995     
       16.90               5.016308              40452              845.413504     
       17.00               5.016308              40609              837.726971     
       17.10               5.016308              40697              983.938358     
       17.20               5.016308              40835              857.576579     
       17.30               5.016308              40760              806.904803     
       17.40               5.016308              40732              901.818236     
       17.50               5.016308              40681             1010.042640     
       17.60               5.016308              40620              971.542702     
       17.70               5.016308              40557              967.555780     
       17.80               5.016308              40555             1009.578414     
       17.90               5.016308              40531              835.954851     
       18.00               5.016308              40588              855.608612     
       18.10               5.016308              40467              743.491308     
       18.20               5.016308              40365              853.790881     
       18.30               5.016308              40260              849.203718     
       18.40               5.016308              40180              913.720771     
       18.50               5.016308              40163              918.514168     
       18.60               5.016308              40086              978.449371     
       18.70               5.016308              39973             1091.162550     
       18.80               5.016308              40008              997.870169     
       18.90               5.016308              40085             1058.373063     
       19.00               5.016308              40124             1296.640134     
       19.10               5.016308              40140             1141.202252     
       19.20               5.016308              40015             1111.933462     
       19.30               5.016308              40172              977.686834     
       19.40               5.016308              40262              789.766885     
       19.50               5.016308              40254              808.929292     
       19.60               5.016308              40171              794.840154     
       19.70               5.016308              40111              955.877561     
       19.80               5.016308              40007              972.456842     
       19.90               5.016308              40005              986.005122     
       20.00               5.016308              40030              964.109391     
       20.10               5.016308              39950              981.907649     
       20.20               5.016308              39939              828.169642     
       20.30               5.016308              39900             1053.375584     
       20.40               5.016308              39972             1137.930209     
       20.50               5.016308              40145             1055.956255     
       20.60               5.016308              40132             1008.471047     
       20.70               5.016308              40221              898.466952     
       20.80               5.016308              40312              976.934268     
       20.90               5.016308              40304              802.905121     
       21.00               5.016308              40163              712.608492     
       21.10               5.016308              40165              757.050953     
       21.20               5.016308              40180              852.155450     
       21.30               5.016308              40105              714.967094     
       21.40               5.016308              40047              624.280705     
       21.50               5.016308              39974              701.723308     
       21.60               5.016308              39941              831.765547     
       21.70               5.016308              39953              662.662343     
       21.80               5.016308              39849              836.667160     
       21.90               5.016308              39854              813.553368     
       22.00               5.016308              39900              887.925156     
       22.10               5.016308              39762             1001.346505     
       22.20               5.016308              39820              797.396303     
       22.30               5.016308              39827             1026.894677     
       22.40               5.016308              39826              864.864471     
       22.50               5.016308              39724              861.776501     
       22.60               5.016308              39630             1009.004152     
       22.70               5.016308              39616              836.316343     
       22.80               5.016308              39678              814.601727     
       22.90               5.016308              39825              779.978097     
       23.00               5.016308              39848              712.561090     
       23.10               5.016308              39771              646.196290     
       23.20               5.016308              39761              756.068746     
       23.30               5.016308              39891              847.815861     
       23.40               5.016308              39957              872.542413     
       23.50               5.016308              39994              893.491944     
       23.60               5.016308              40008              985.572226     
       23.70               5.016308              40111             1037.518523     
       23.80               5.016308              40189              976.805411     
       23.90               5.016308              40200              959.065247     
       24.00               5.016308              40198              906.785299     
       24.10               5.016308              40260              743.771333     
       24.20               5.016308              40270              890.583457     
       24.30               5.016308              40315              903.143616     
       24.40               5.016308              40410              966.313566     
       24.50               5.016308              40244              864.116040     
       24.60               5.016308              40446              771.543348     
       24.70               5.016308              40454              833.323989     
       24.80               5.016308              40516              963.130051     
       24.90               5.016308              40577              973.734532     
       25.00               5.016308              40518              929.441361     
       25.10               5.016308              40316              905.846690     
       25.20               5.016308              40189              965.244103     
       25.30               5.016308              40074              949.108605     
       25.40               5.016308              39968             1016.794495     
       25.50               5.016308              39868             1041.476187     
       25.60               5.016308              39841             1059.857160     
       25.70               5.016308              39857             1022.222064     
       25.80               5.016308              39820              977.902650     
       25.90               5.016308              39965              962.654664     
       26.00               5.016308              39979              939.392075     
       26.10               5.016308              40059              940.460928     
       26.20               5.016308              40088             1005.321076     
       26.30               5.016308              39983              953.011445     
       26.40               5.016308              39964              952.338029     
       26.50               5.016308              40129              932.688078     
       26.60               5.016308              40244              787.436802     
       26.70               5.016308              40291              766.088695     
       26.80               5.016308              40382              813.372864     
       26.90               5.016308              40390              807.667136     
       27.00               5.016308              40285              868.334965     
       27.10               5.016308              40149              969.458542     
       27.20               5.016308              39956              996.552458     
       27.30               5.016308              39764             1065.194399     
       27.40               5.016308              39769             1054.811949     
       27.50               5.016308              39758              974.253017     
       27.60               5.016308              39827              877.734888     
       27.70               5.016308              39856             1003.223581     
       27.80               5.016308              39846             1016.555861     
       27.90               5.016308              39948             1006.129880     
       28.00               5.016308              40020             1007.715356     
       28.10               5.016308              40096              999.673335     
       28.20               5.016308              40267             1046.720377     
       28.30               5.016308              40278              927.774702     
       28.40               5.016308              40233              819.376034     
       28.50               5.016308              40249              795.940323     
       28.60               5.016308              40365              983.968785     
       28.70               5.016308              40388              977.326766     
       28.80               5.016308              40319              995.966384     
       28.90               5.016308              40167              953.234287     
       29.00               5.016308              40008              827.014100     
       29.10               5.016308              40051              769.008917     
       29.20               5.016308              40100              640.986644     
       29.30               5.016308              40058              767.358313     
       29.40               5.016308              39882              785.083646     
       29.50               5.016308              39937              850.172271     
       29.60               5.016308              39856             1062.655715     
       29.70               5.016308              39902             1124.729169     
       29.80               5.016308              39989             1110.377360     
       29.90               5.016308              40100             1252.840483     
       30.00               5.016308              40151             1012.733822     
       30.10               5.016308              40298             1099.518222     
       30.20               5.016308              40284             1078.693053     
       30.30               5.016308              40245             1080.867725     
       30.40               5.016308              40301             1002.682605     
       30.50               5.016308              40375              910.084409     
       30.60               5.016308              40241              987.357906     
       30.70               5.016308              40163              983.119858     
       30.80               5.016308              40057              966.337376     
       30.90               5.016308              40095              808.749379     
       31.00               5.016308              40137              744.381454     
       31.10               5.016308              40289              874.543505     
       31.20               5.016308              40308              744.792911     
       31.30               5.016308              40387              853.691470     
       31.40               5.016308              40509              804.583023     
       31.50               5.016308              40442              774.356209     
       31.60               5.016308              40433              894.284683     
       31.70               5.016308              40415              876.828714     
       31.80               5.016308              40276              750.619732     
       31.90               5.016308              40181              797.273683     
       32.00               5.016308              40117              960.330747     
       32.10               5.016308              39950             1121.156474     
       32.20               5.016308              39808             1144.744772     
       32.30               5.016308              39872             1066.048168     
       32.40               5.016308              39856             1085.083858     
       32.50               5.016308              39934             1017.282664     
       32.60               5.016308              40061              927.552389     
       32.70               5.016308              39817              978.545410     
       32.80               5.016308              39994              913.753688     
       32.90               5.016308              39922              971.374786     
       33.00               5.016308              39913             1168.944960     
       33.10               5.016308              40009              973.221536     
       33.20               5.016308              39970              894.918348     
       33.30               5.016308              39985             1039.150416     
       33.40               5.016308              39893             1083.712715     
       33.50               5.016308              40071             1206.121579     
       33.60               5.016308              40000             1092.670628     
       33.70               5.016308              40163             1157.652894     
       33.80               5.016308              40152             1129.303201     
       33.90               5.016308              40209             1162.026781     
       34.00               5.016308              40223              951.576271     
       34.10               5.016308              40277             1097.628549     
       34.20               5.016308              40274             1083.690034     
       34.30               5.016308              40255              913.219085     
       34.40               5.016308              40162              844.423555     
       34.50               5.016308              40177              864.322715     
       34.60               5.016308              40105              757.367924     
       34.70               5.016308              40084              959.591139     
       34.80               5.016308              40162             1133.253405     
       34.90               5.016308              40167              998.622665     
       35.00               5.016308              40105              954.329242     
       35.10               5.016308              40199              912.821897     
       35.20               5.016308              40324              880.630431     
       35.30               5.016308              40178              898.863025     
       35.40               5.016308              40267              952.629464     
       35.50               5.016308              40212             1120.604201     
       35.60               5.016308              40313             1174.106783     
       35.70               5.016308              40356             1060.018665     
       35.80               5.016308              40473             1010.358007     
       35.90               5.016308              40393             1047.303376     
       36.00               5.016308              40384             1030.080285     
       36.10               5.016308              40452              957.280761     
       36.20               5.016308              40449              931.346701     
       36.30               5.016308              40368              998.142557     
       36.40               5.016308              40407              790.687209     
       36.50               5.016308              40369              952.015134     
       36.60               5.016308              40207             1044.186666     
       36.70               5.016308              40089             1178.457634     
       36.80               5.016308              40000              986.868006     
       36.90               5.016308              39882             1041.056776     
       37.00               5.016308              39775             1064.967942     
       37.10               5.016308              39639              881.852386     
       37.20               5.016308              39840              799.840009     
       37.30               5.016308              39806              919.767908     
       37.40               5.016308              39832             1075.755157     
       37.50               5.016308              39856             1129.073961     
       37.60               5.016308              39823             1092.596235     
       37.70               5.016308              39796              946.622846     
       37.80               5.016308              39872              923.868940     
       37.90               5.016308              39931              979.998365     
       38.00               5.016308              40067             1024.502051     
       38.10               5.016308              40070              972.874036     
       38.20               5.016308              40204              906.358623     
       38.30               5.016308              40207              922.026966     
       38.40               5.016308              40110              927.950582     
       38.50               5.016308              40164              859.789582     
       38.60               5.016308              40068              867.426864     
       38.70               5.016308              40025              870.406283     
       38.80               5.016308              39959              884.331338     
       38.90               5.016308              40071              910.248688     
       39.00               5.016308              39902              828.438494     
       39.10               5.016308              39947              838.967907     
       39.20               5.016308              39948              897.187149     
       39.30               5.016308              39977              895.499168     
       39.40               5.016308              40047              763.760334     
       39.50               5.016308              40107              922.683522     
       39.60               5.016308              40126             1062.055131     
       39.70               5.016308              40000              953.542912     
       39.80               5.016308              39991             1101.782227     
       39.90               5.016308              40124             1042.536340     
       40.00               5.016308              40067              904.236854     
       40.10               5.016308              40121              869.906005     
       40.20               5.016308              40204              896.930575     
       40.30               5.016308              40127             1082.769998     
       40.40               5.016308              40169             1084.136743     
       40.50               5.016308              40274              922.193354     
       40.60               5.016308              40248              873.205102     
       40.70               5.016308              40292             1133.896962     
       40.80               5.016308              40437             1007.165186     
       40.90               5.016308              40544             1018.905773     
       41.00               5.016308              40625             1049.513542     
       41.10               5.016308              40598             1003.172392     
       41.20               5.016308              40676              939.793464     
       41.30               5.016308              40709             1030.163390     
       41.40               5.016308              40691              981.980777     
       41.50               5.016308              40625              981.666865     
       41.60               5.016308              40473             1021.839760     
       41.70               5.016308              40399              964.061271     
       41.80               5.016308              40138             1015.509875     
       41.90               5.016308              40004              958.866208     
       42.00               5.016308              39905              943.062963     
       42.10               5.016308              39844             1018.942213     
       42.20               5.016308              39826             1036.567433     
       42.30               5.016308              39696             1022.134292     
       42.40               5.016308              39645             1044.713038     
       42.50               5.016308              39566             1029.927848     
       42.60               5.016308              39444             1071.059824     
       42.70               5.016308              39480              992.489174     
       42.80               5.016308              39562             1003.289864     
       42.90               5.016308              39568             1000.895196     
       43.00               5.016308              39735             1009.392076     
       43.10               5.016308              39821              913.012117     
       43.20               5.016308              39922              881.015875     
       43.30               5.016308              39946              894.254632     
       43.40               5.016308              40178              832.165437     
       43.50               5.016308              40150              918.237315     
       43.60               5.016308              40228              957.306162     
       43.70               5.016308              40148             1035.275410     
       43.80               5.016308              40118             1131.913090     
       43.90               5.016308              40149             1133.393408     
       44.00               5.016308              40019             1173.737176     
       44.10               5.016308              40099             1166.576223     
       44.20               5.016308              40185             1101.123844     
       44.30               5.016308              40107             1151.764882     
       44.40               5.016308              39933             1197.136246     
       44.50               5.016308              39958             1141.924047     
       44.60               5.016308              39916             1046.628104     
       44.70               5.016308              39907             1130.555104     
       44.80               5.016308              39859              910.349000     
       44.90               5.016308              39834              893.840840     
       45.00               5.016308              39858              911.320488     
       45.10               5.016308              39883             1049.040049     
       45.20               5.016308              39893             1037.236829     
       45.30               5.016308              39924             1051.249391     
       45.40               5.016308              40003              917.748002     
       45.50               5.016308              40016              949.003566     
       45.60               5.016308              40045              928.726736     
       45.70               5.016308              40138              732.087013     
       45.80               5.016308              40100              729.217034     
       45.90               5.016308              39965              714.170218     
       46.00               5.016308              40026              673.956066     
       46.10               5.016308              40012              812.865490     
       46.20               5.016308              39895              705.098620     
       46.30               5.016308              39906              818.297176     
       46.40               5.016308              39945              775.324826     
       46.50               5.016308              39854              781.713659     
       46.60               5.016308              39827              798.249607     
       46.70               5.016308              39679              906.597051     
       46.80               5.016308              39540              883.736960     
       46.90               5.016308              39418              976.255024     
       47.00               5.016308              39242              985.451272     
       47.10               5.016308              39231              863.345842     
       47.20               5.016308              39219              758.160198     
       47.30               5.016308              39246              824.607184     
       47.40               5.016308              39499             1073.740443     
       47.50               5.016308              39605             1001.765028     
       47.60               5.016308              39584              940.419072     
       47.70               5.016308              39744              912.748133     
       47.80               5.016308              39842              926.508111     
       47.90               5.016308              39884              885.443085     
       48.00               5.016308              39916              902.611833     
       48.10               5.016308              40083              946.535149     
       48.20               5.016308              39994             1205.429869     
       48.30               5.016308              39969             1148.845067     
       48.40               5.016308              39976             1185.588561     
       48.50               5.016308              39876             1210.821028     
       48.60               5.016308              39978             1107.602376     
       48.70               5.016308              40080             1022.830538     
       48.80               5.016308              40028             1109.095891     
       48.90               5.016308              40073             1018.427074     
       49.00               5.016308              40100              982.799597     
       49.10               5.016308              40182              998.885618     
       49.20               5.016308              40069              862.322254     
       49.30               5.016308              39990              896.332752     
       49.40               5.016308              39985             1022.533900     
       49.50               5.016308              40078             1062.035468     
       49.60               5.016308              40058             1178.591592     
       49.70               5.016308              40060             1114.580811     
       49.80               5.016308              40136             1006.178453     
       49.90               5.016308              40197             1045.327971     
       50.00               5.016308              40133              955.150468     
       50.10               5.016308              40081             1050.965799     
       50.20               5.016308              40134              994.057650     
       50.30               5.016308              40090              908.805703     
       50.40               5.016308              40102              985.043184     
       50.50               5.016308              40064              944.931175     
       50.60               5.016308              39962              998.539834     
       50.70               5.016308              39994             1067.181314     
       50.80               5.016308              40023              965.454065     
       50.90               5.016308              40040             1096.203338     
       51.00               5.016308              39899              983.482551     
       51.10               5.016308              39869             1044.836648     
       51.20               5.016308              39916              997.555247     
       51.30               5.016308              39900             1106.022204     
       51.40               5.016308              39869             1051.692120     
       51.50               5.016308              39960             1108.238330     
       51.60               5.016308              40046              891.840215     
       51.70               5.016308              40232              989.341888     
       51.80               5.016308              40291             1023.368848     
       51.90               5.016308              40304             1096.920342     
       52.00               5.016308              40446              959.328202     
       52.10               5.016308              40429              992.179000     
       52.20               5.016308              40403             1133.984687     
       52.30               5.016308              40405             1132.669308     
       52.40               5.016308              40329             1177.335340     
       52.50               5.016308              40193             1239.182876     
       52.60               5.016308              40147             1214.265093     
       52.70               5.016308              40066             1241.164470     
       52.80               5.016308              40176             1235.183697     
       52.90               5.016308              40094             1093.510390     
       53.00               5.016308              40119              932.017826     
       53.10               5.016308              40079              815.358338     
       53.20               5.016308              40122              813.915442     
       53.30               5.016308              40116              896.970377     
       53.40               5.016308              40101              756.393869     
       53.50               5.016308              40168              890.575957     
       53.60               5.016308              40226              899.068322     
       53.70               5.016308              40288              877.437416     
       53.80               5.016308              40237              980.733604     
       53.90               5.016308              40191             1069.817236     
       54.00               5.016308              40121             1003.473283     
       54.10               5.016308              40148              887.440216     
       54.20               5.016308              40103              937.319436     
       54.30               5.016308              40164              794.961048     
       54.40               5.016308              40133              770.067929     
       54.50               5.016308              40177              800.637831     
       54.60               5.016308              40234              881.745068     
       54.70               5.016308              40260              881.271826     
       54.80               5.016308              40279              834.412440     
       54.90               5.016308              40252              861.918401     
       55.00               5.016308              40282              859.526760     
       55.10               5.016308              40393              780.937051     
       55.20               5.016308              40363              921.389029     
       55.30               5.016308              40273              875.512515     
       55.40               5.016308              40363              874.753381     
       55.50               5.016308              40450              853.136559     
       55.60               5.016308              40567              861.360337     
       55.70               5.016308              40526              973.383771     
       55.80               5.016308              40559              902.378522     
       55.90               5.016308              40532              780.169649     
       56.00               5.016308              40478              770.131797     
       56.10               5.016308              40458              824.440960     
       56.20               5.016308              40491              806.164909     
       56.30               5.016308              40444              973.494340     
       56.40               5.016308              40230              972.586195     
       56.50               5.016308              40151              965.057977     
       56.60               5.016308              40114              894.815487     
       56.70               5.016308              39949             1026.391490     
       56.80               5.016308              40080              950.938385     
       56.90               5.016308              40126              971.098330     
       57.00               5.016308              40058             1027.183076     
       57.10               5.016308              40031              960.879952     
       57.20               5.016308              40049             1125.353334     
       57.30               5.016308              39892             1002.959117     
       57.40               5.016308              39879              983.108946     
       57.50               5.016308              39868             1024.377221     
       57.60               5.016308              39937             1101.996067     
       57.70               5.016308              39996             1077.764663     
       57.80               5.016308              40007              888.714661     
       57.90               5.016308              40130             1118.048421     
       58.00               5.016308              40124             1070.360802     
       58.10               5.016308              40306             1034.619831     
       58.20               5.016308              40252              955.715380     
       58.30               5.016308              40424             1008.133683     
       58.40               5.016308              40473              933.116273     
       58.50               5.016308              40347             1052.841993     
       58.60               5.016308              40267             1126.908042     
       58.70               5.016308              40304             1070.558097     
       58.80               5.016308              40267             1127.936599     
       58.90               5.016308              40356             1068.337064     
       59.00               5.016308              40349             1190.906641     
       59.10               5.016308              40325             1193.154792     
       59.20               5.016308              40421             1109.230399     
       59.30               5.016308              40400             1020.496384     
       59.40               5.016308              40412             1046.821590     
       59.50               5.016308              40422              994.405282     
       59.60               5.016308              40370             1060.237912     
       59.70               5.016308              40440              831.030548     
       59.80               5.016308              40370              925.332336     
       59.90               5.016308              40403              799.173545     
       60.00               5.016308              40429              903.814508     
       60.10               5.016308              40455              881.154984     
       60.20               5.016308              40365              811.904441     
       60.30               5.016308              40237              953.033291     
       60.40               5.016308              40275              925.611453     
       60.50               5.016308              40281              895.305786     
       60.60               5.016308              40139              907.318641     
       60.70               5.016308              40033              958.630357     
       60.80               5.016308              40017              982.484497     
       60.90               5.016308              40249              947.205475     
       61.00               5.016308              40295              877.961445     
       61.10               5.016308              40241              911.287276     
       61.20               5.016308              40219              931.165427     
       61.30               5.016308              40230              834.183532     
       61.40               5.016308              40356              870.868655     
       61.50               5.016308              40466              931.809930     
       61.60               5.016308              40518             1052.565107     
       61.70               5.016308              40556             1136.838772     
       61.80               5.016308              40523             1049.966122     
       61.90               5.016308              40537             1309.392733     
       62.00               5.016308              40528             1370.962189     
       62.10               5.016308              40442             1194.191607     
       62.20               5.016308              40672             1136.980921     
       62.30               5.016308              40752             1002.912728     
       62.40               5.016308              40652              917.696121     
       62.50               5.016308              40596              909.819540     
       62.60               5.016308              40563              857.215553     
       62.70               5.016308              40611              701.734167     
       62.80               5.016308              40596              704.031491     
       62.90               5.016308              40462              915.653998     
       63.00               5.016308              40346             1006.670618     
       63.10               5.016308              40253             1014.730540     
       63.20               5.016308              40006              992.603338     
       63.30               5.016308              39883             1217.438845     
       63.40               5.016308              39845             1198.570001     
       63.50               5.016308              39848             1147.012028     
       63.60               5.016308              39863             1041.763029     
       63.70               5.016308              39770             1066.384699     
       63.80               5.016308              39907             1121.017337     
       63.90               5.016308              40044             1121.650476     
       64.00               5.016308              40146             1072.689773     
       64.10               5.016308              40232             1063.879310     
       64.20               5.016308              40307             1010.057870     
       64.30               5.016308              40115              942.112177     
       64.40               5.016308              40150              998.010970     
       64.50               5.016308              40157              928.598961     
       64.60               5.016308              40224              883.219137     
       64.70               5.016308              40204             1012.759668     
       64.80               5.016308              40178             1044.339774     
       64.90               5.016308              40158              906.433110     
       65.00               5.016308              40177              756.724432     
       65.10               5.016308              40113              774.830966     
       65.20               5.016308              39985              734.204706     
       65.30               5.016308              39949              747.362027     
       65.40               5.016308              39930              691.094730     
       65.50               5.016308              39721              708.190429     
       65.60               5.016308              39644              743.125641     
       65.70               5.016308              39739              782.205915     
       65.80               5.016308              39733              889.286507     
       65.90               5.016308              39792              968.959140     
       66.00               5.016308              39718              941.935945     
       66.10               5.016308              39644             1145.689382     
       66.20               5.016308              39682              998.646414     
       66.30               5.016308              39787              953.716659     
       66.40               5.016308              39879              897.295344     
       66.50               5.016308              39772              776.662358     
       66.60               5.016308              39855              656.185512     
       66.70               5.016308              39857              762.252825     
       66.80               5.016308              39898              781.591218     
       66.90               5.016308              39850              968.238015     
       67.00               5.016308              39858              872.333009     
       67.10               5.016308              39825              870.443574     
       67.20               5.016308              39837              962.268751     
       67.30               5.016308              39932              761.553918     
       67.40               5.016308              39979              806.712918     
       67.50               5.016308              39879              909.041875     
       67.60               5.016308              40024             1139.012918     
       67.70               5.016308              40034             1163.565325     
       67.80               5.016308              40076             1139.682671     
       67.90               5.016308              39971             1093.417084     
       68.00               5.016308              39851             1005.846913     
       68.10               5.016308              39876              941.482333     
       68.20               5.016308              39913              980.034693     
       68.30               5.016308              40041             1038.136102     
       68.40               5.016308              39987             1040.517246     
       68.50               5.016308              39940             1026.631655     
       68.60               5.016308              39894             1011.251138     
       68.70               5.016308              39859              932.813366     
       68.80               5.016308              39815              981.576366     
       68.90               5.016308              39792              980.387282     
       69.00               5.016308              39749              888.569888     
       69.10               5.016308              39761              883.966717     
       69.20               5.016308              39875              808.961376     
       69.30               5.016308              40038              786.612290     
       69.40               5.016308              40135              973.259617     
       69.50               5.016308              40142             1147.108904     
       69.60               5.016308              40139             1127.373716     
       69.70               5.016308              40126              982.883750     
       69.80               5.016308              40081             1018.188094     
       69.90               5.016308              40038              915.989166     
       70.00               5.016308              40168              921.613611     
       70.10               5.016308              40129              953.506181     
       70.20               5.016308              40124              871.936765     
       70.30               5.016308              40031              781.604911     
       70.40               5.016308              40009              785.193589     
       70.50               5.016308              39926              851.985623     
       70.60               5.016308              39815              873.490586     
       70.70               5.016308              39756              923.550744     
       70.80               5.016308              39658              907.103145     
       70.90               5.016308              39732              825.684736     
       71.00               5.016308              39732              888.062014     
       71.10               5.016308              39590              757.162116     
       71.20               5.016308              39613              846.793698     
       71.30               5.016308              39725              904.836999     
       71.40               5.016308              39904             1116.375445     
       71.50               5.016308              39989             1124.829095     
       71.60               5.016308              40064             1149.400988     
       71.70               5.016308              40149             1093.529677     
       71.80               5.016308              40166             1163.678978     
       71.90               5.016308              40230             1144.785322     
       72.00               5.016308              40344              878.269229     
       72.10               5.016308              40378              838.271955     
       72.20               5.016308              40523             1045.202924     
       72.30               5.016308              40441              994.357887     
       72.40               5.016308              40434              931.095415     
       72.50               5.016308              40502             1094.580845     
       72.60               5.016308              40453             1085.956591     
       72.70               5.016308              40380              950.358670     
       72.80               5.016308              40283              915.999507     
       72.90               5.016308              40341              778.804120     
       73.00               5.016308              40314              906.807338     
       73.10               5.016308              40257              797.648275     
       73.20               5.016308              40191              715.633665     
       73.30               5.016308              40191              723.322675     
       73.40               5.016308              40087              903.881200     
       73.50               5.016308              40059             1079.129659     
       73.60               5.016308              40037             1077.996916     
       73.70               5.016308              39940             1115.756072     
       73.80               5.016308              39943             1266.951370     
       73.90               5.016308              39968             1284.850753     
       74.00               5.016308              40117             1124.911573     
       74.10               5.016308              40218             1022.389659     
       74.20               5.016308              40226             1125.154159     
       74.30               5.016308              40370             1051.385343     
       74.40               5.016308              40298              977.444266     
       74.50               5.016308              40431             1176.463785     
       74.60               5.016308              40490             1174.535046     
       74.70               5.016308              40573             1069.826355     
       74.80               5.016308              40585              891.911092     
       74.90               5.016308              40432              865.933423     
       75.00               5.016308              40503              707.372353     
       75.10               5.016308              40402              704.093781     
       75.20               5.016308              40321              798.511395     
       75.30               5.016308              40276              905.645857     
       75.40               5.016308              40309              904.931199     
       75.50               5.016308              40207             1034.484311     
       75.60               5.016308              40258             1020.921922     
       75.70               5.016308              40205             1057.326215     
       75.80               5.016308              40124             1141.470192     
       75.90               5.016308              40070             1071.772363     
       76.00               5.016308              40109             1101.956232     
       76.10               5.016308              40108             1092.496301     
       76.20               5.016308              40110              989.347629     
       76.30               5.016308              40235              981.425556     
       76.40               5.016308              40242             1040.271472     
       76.50               5.016308              40296              996.798616     
       76.60               5.016308              40299              978.666870     
       76.70               5.016308              40457              974.773143     
       76.80               5.016308              40447              997.846497     
       76.90               5.016308              40434              876.397014     
       77.00               5.016308              40326              897.986825     
       77.10               5.016308              40251              967.344894     
       77.20               5.016308              40252              866.546414     
       77.30               5.016308              40108              957.145530     
       77.40               5.016308              40084              920.469166     
       77.50               5.016308              40067              927.597303     
       77.60               5.016308              39923              960.654226     
       77.70               5.016308              40023             1067.269853     
       77.80               5.016308              40054             1231.829890     
       77.90               5.016308              40103             1194.321364     
       78.00               5.016308              39999             1103.922709     
       78.10               5.016308              40117             1207.513260     
       78.20               5.016308              40358             1173.976611     
       78.30               5.016308              40327             1116.363782     
       78.40               5.016308              40340             1067.335307     
       78.50               5.016308              40379             1053.952623     
       78.60               5.016308              40306             1070.347558     
       78.70               5.016308              40335             1107.424038     
       78.80               5.016308              40384             1109.894980     
       78.90               5.016308              40238              957.663449     
       79.00               5.016308              40168             1006.382389     
       79.10               5.016308              40187             1097.693587     
       79.20               5.016308              40245             1094.461426     
       79.30               5.016308              40107              995.965807     
       79.40               5.016308              40100              989.401909     
       79.50               5.016308              40076              925.812409     
       79.60               5.016308              40029              907.042300     
       79.70               5.016308              40006             1008.128406     
       79.80               5.016308              40084             1093.800222     
       79.90               5.016308              40275             1085.543749     
       80.00               5.016308              40394             1138.723172     
       80.10               5.016308              40393             1203.014554     
       80.20               5.016308              40276             1144.870665     
       80.30               5.016308              40220              913.454138     
       80.40               5.016308              40120             1139.904296     
       80.50               5.016308              40021             1067.398241     
       80.60               5.016308              39881             1046.102051     
       80.70               5.016308              39926             1167.549647     
       80.80               5.016308              40013              987.797661     
       80.90               5.016308              40002             1009.087464     
       81.00               5.016308              40116             1009.402711     
       81.10               5.016308              39958             1131.106709     
       81.20               5.016308              39929             1016.609226     
       81.30               5.016308              39936             1091.146908     
       81.40               5.016308              39964             1064.754048     
       81.50               5.016308              39988             1027.927805     
       81.60               5.016308              40011              914.403149     
       81.70               5.016308              39912              957.512286     
       81.80               5.016308              40065              944.291583     
       81.90               5.016308              40173              847.613046     
       82.00               5.016308              40304              932.162374     
       82.10               5.016308              40349              906.323728     
       82.20               5.016308              40307              894.715319     
       82.30               5.016308              40442              869.648002     
       82.40               5.016308              40377             1031.142292     
       82.50               5.016308              40377             1027.795370     
       82.60               5.016308              40425              971.708421     
       82.70               5.016308              40473             1016.346132     
       82.80               5.016308              40574              972.038558     
       82.90               5.016308              40781              923.755440     
       83.00               5.016308              40879              798.752982     
       83.10               5.016308              40900              925.402202     
       83.20               5.016308              40965             1055.800748     
       83.30               5.016308              40893              970.080117     
       83.40               5.016308              40886              919.160338     
       83.50               5.016308              40720              953.762706     
       83.60               5.016308              40760             1032.998087     
       83.70               5.016308              40705             1070.489974     
       83.80               5.016308              40531             1108.112307     
       83.90               5.016308              40375              904.892711     
       84.00               5.016308              40286              787.413744     
       84.10               5.016308              40255              835.953823     
       84.20               5.016308              40227              881.770747     
       84.30               5.016308              40183              831.558966     
       84.40               5.016308              40174              826.731135     
       84.50               5.016308              40124              978.101772     
       84.60               5.016308              40131             1018.633967     
       84.70               5.016308              40118              970.400388     
       84.80               5.016308              40016             1001.739135     
       84.90               5.016308              40058              954.705081     
       85.00               5.016308              40065              943.954792     
       85.10               5.016308              39818              740.019472     
       85.20               5.016308              39733              828.351323     
       85.30               5.016308              39619              802.366033     
       85.40               5.016308              39506              818.684954     
       85.50               5.016308              39627             1001.401959     
       85.60               5.016308              39574             1093.540781     
       85.70               5.016308              39647             1075.504072     
       85.80               5.016308              39710             1047.685796     
       85.90               5.016308              39735             1024.312653     
       86.00               5.016308              39626             1060.904278     
       86.10               5.016308              39626              994.420583     
       86.20               5.016308              39738             1073.686205     
       86.30               5.016308              39614             1112.616654     
       86.40               5.016308              39728             1241.807633     
       86.50               5.016308              39775             1003.575227     
       86.60               5.016308              39765             1097.224106     
       86.70               5.016308              39830              963.964537     
       86.80               5.016308              39954              974.792836     
       86.90               5.016308              39886             1044.805140     
       87.00               5.016308              39792             1016.842026     
       87.10               5.016308              39934             1089.901023     
       87.20               5.016308              40006             1007.679807     
       87.30               5.016308              40055             1035.677745     
       87.40               5.016308              40022             1049.257639     
       87.50               5.016308              39924             1185.793570     
       87.60               5.016308              39883             1126.897572     
       87.70               5.016308              39906             1052.061642     
       87.80               5.016308              39964             1072.183152     
       87.90               5.016308              40069             1002.457756     
       88.00               5.016308              40147             1145.415719     
       88.10               5.016308              40205              997.173712     
       88.20               5.016308              40335              843.911544     
       88.30               5.016308              40272              818.460968     
       88.40               5.016308              40394              717.555000     
       88.50               5.016308              40444              536.516358     
       88.60               5.016308              40566              658.522493     
       88.70               5.016308              40659              571.040240     
       88.80               5.016308              40763              657.965430     
       88.90               5.016308              40639              769.334452     
       89.00               5.016308              40640              774.264337     
       89.10               5.016308              40377              666.368433     
       89.20               5.016308              40398              804.920057     
       89.30               5.016308              40338              843.861933     
       89.40               5.016308              40271              733.731436     
       89.50               5.016308              40233              667.351976     
       89.60               5.016308              40104              550.110743     
       89.70               5.016308              40057              727.422051     
       89.80               5.016308              40117              788.846157     
       89.90               5.016308              40200              846.889718     
       90.00               5.016308              40380              913.769621     
       90.10               5.016308              40428              963.350607     
       90.20               5.016308              40508              951.300234     
       90.30               5.016308              40513              853.831470     
       90.40               5.016308              40468              757.450857     
       90.50               5.016308              40535              919.729464     
       90.60               5.016308              40482              913.894250     
       90.70               5.016308              40430              808.360688     
       90.80               5.016308              40440              707.829847     
       90.90               5.016308              40268              666.799522     
       91.00               5.016308              40294              807.432386     
       91.10               5.016308              40366              910.444943     
       91.20               5.016308              40535              972.089475     
       91.30               5.016308              40531              946.565084     
       91.40               5.016308              40374              821.284581     
       91.50               5.016308              40323              717.000124     
       91.60               5.016308              40187              657.170741     
       91.70               5.016308              40044              582.416240     
       91.80               5.016308              40004              690.258734     
       91.90               5.016308              39913              636.205192     
       92.00               5.016308              39965              790.142918     
       92.10               5.016308              39944              673.345202     
       92.20               5.016308              39877              732.731094     
       92.30               5.016308              39788              766.711913     
       92.40               5.016308              39864             1047.330150     
       92.50               5.016308              39838             1030.703029     
       92.60               5.016308              39755              945.248593     
       92.70               5.016308              39791              939.685833     
       92.80               5.016308              39777              961.861749     
       92.90               5.016308              39880             1076.010460     
       93.00               5.016308              39963             1089.381912     
       93.10               5.016308              40090             1032.129892     
       93.20               5.016308              40193             1075.134543     
       93.30               5.016308              40165             1109.390013     
       93.40               5.016308              40075             1099.227253     
       93.50               5.016308              40163             1140.721473     
       93.60               5.016308              40045             1205.458000     
       93.70               5.016308              40024             1266.746622     
       93.80               5.016308              40197             1177.149635     
       93.90               5.016308              40165             1214.348783     
       94.00               5.016308              40070             1280.926254     
       94.10               5.016308              40054             1113.764871     
       94.20               5.016308              40138             1180.789912     
       94.30               5.016308              40113             1184.692848     
       94.40               5.016308              40128             1175.535127     
       94.50               5.016308              40222             1114.818512     
       94.60               5.016308              40261              991.392384     
       94.70               5.016308              40143             1168.573088     
       94.80               5.016308              40225             1277.294602     
       94.90               5.016308              40188             1154.230471     
       95.00               5.016308              40297             1180.209739     
       95.10               5.016308              40276             1227.672653     
       95.20               5.016308              40369             1171.439176     
       95.30               5.016308              40376             1217.299131     
       95.40               5.016308              40412             1139.599712     
       95.50               5.016308              40314             1097.616569     
       95.60               5.016308              40158              949.501810     
       95.70               5.016308              40016              930.772754     
       95.80               5.016308              40066              933.602017     
       95.90               5.016308              40038              848.384304     
       96.00               5.016308              40052              839.458581     
       96.10               5.016308              40000              830.114772     
       96.20               5.016308              39915             1040.643119     
       96.30               5.016308              39884              915.850341     
       96.40               5.016308              39984              974.025509     
       96.50               5.016308              40106             1037.087703     
       96.60               5.016308              40039             1053.013033     
       96.70               5.016308              40126              855.632080     
       96.80               5.016308              40020              825.361186     
       96.90               5.016308              40106              932.564666     
       97.00               5.016308              40104              920.242298     
       97.10               5.016308              40059              793.008651     
       97.20               5.016308              39971              854.785402     
       97.30               5.016308              39921              875.492655     
       97.40               5.016308              39898              878.817467     
       97.50               5.016308              39915              911.633010     
       97.60               5.016308              40043              896.671929     
       97.70               5.016308              39997              938.542097     
       97.80               5.016308              40183              891.904620     
       97.90               5.016308              40203              997.439947     
       98.00               5.016308              40209             1000.015633     
       98.10               5.016308              40416             1223.179175     
       98.20               5.016308              40320             1025.299235     
       98.30               5.016308              40264              889.556060     
       98.40               5.016308              40166              934.372108     
       98.50               5.016308              40160              995.821358     
       98.60               5.016308              40192              915.899763     
       98.70               5.016308              40252             1088.389447     
       98.80               5.016308              40294              942.338863     
       98.90               5.016308              40305              992.849490     
       99.00               5.016308              40095              894.807054     
       99.10               5.016308              40118              876.325033     
       99.20               5.016308              40184              980.133725     
       99.30               5.016308              40257              893.650421     
       99.40               5.016308              40308              985.815030     
       99.50               5.016308              40306             1187.147348     
       99.60               5.016308              40375             1194.689100     
       99.70               5.016308              40246             1310.826209     
       99.80               5.016308              40180             1172.778096     
