        tauB               sizeBin             clust_size      press_align
        0.00               5.016308              28399             3952.818649     
        0.10               5.016308              28324             3368.324188     
        0.20               5.016308              28619             2716.390532     
        0.30               5.016308              29031             2234.901279     
        0.40               5.016308              29437             1746.172488     
        0.50               5.016308              29791             1409.187648     
        0.60               5.016308              30132             1225.130300     
        0.70               5.016308              30374              944.634699     
        0.80               5.016308              30692              842.400578     
        0.90               5.016308              30918              740.649279     
        1.00               5.016308              31229              684.257702     
        1.10               5.016308              31514              688.302260     
        1.20               5.016308              31855              606.061033     
        1.30               5.016308              32059              547.977348     
        1.40               5.016308              32208              490.094048     
        1.50               5.016308              32414              493.054361     
        1.60               5.016308              32684              497.112375     
        1.70               5.016308              32801              482.365521     
        1.80               5.016308              32935              448.418020     
        1.90               5.016308              32990              497.412754     
        2.00               5.016308              33084              534.636651     
        2.10               5.016308              33197              404.069241     
        2.20               5.016308              33386              457.630018     
        2.30               5.016308              33444              497.039128     
        2.40               5.016308              33503              476.392835     
        2.50               5.016308              33562              402.984297     
        2.60               5.016308              33634              408.878773     
        2.70               5.016308              33611              370.674749     
        2.80               5.016308              33724              413.148923     
        2.90               5.016308              33966              349.490520     
        3.00               5.016308              33955              400.512437     
        3.10               5.016308              34178              379.498097     
        3.20               5.016308              34337              417.033264     
        3.30               5.016308              34372              420.797028     
        3.40               5.016308              34384              468.362314     
        3.50               5.016308              34513              428.728746     
        3.60               5.016308              34530              486.716706     
        3.70               5.016308              34640              431.924940     
        3.80               5.016308              34802              499.596298     
        3.90               5.016308              34817              442.112767     
        4.00               5.016308              34767              412.401541     
        4.10               5.016308              34827              388.835073     
        4.20               5.016308              34808              422.421112     
        4.30               5.016308              34769              460.756212     
        4.40               5.016308              34832              409.295310     
        4.50               5.016308              34820              501.945417     
        4.60               5.016308              34709              511.295373     
        4.70               5.016308              34785              510.043165     
        4.80               5.016308              34761              536.058390     
        4.90               5.016308              34924              520.844433     
        5.00               5.016308              34880              421.828391     
        5.10               5.016308              35028              502.022240     
        5.20               5.016308              35069              495.803079     
        5.30               5.016308              35074              435.597793     
        5.40               5.016308              35081              424.808018     
        5.50               5.016308              35066              412.536429     
        5.60               5.016308              35130              426.056050     
        5.70               5.016308              35113              425.374779     
        5.80               5.016308              35173              352.724582     
        5.90               5.016308              35193              348.266832     
        6.00               5.016308              35308              373.699977     
        6.10               5.016308              35420              464.494655     
        6.20               5.016308              35601              517.396807     
        6.30               5.016308              35672              501.776247     
        6.40               5.016308              35686              517.248082     
        6.50               5.016308              35800              509.182862     
        6.60               5.016308              35651              556.134018     
        6.70               5.016308              35604              457.997996     
        6.80               5.016308              35726              533.420122     
        6.90               5.016308              35653              448.478185     
        7.00               5.016308              35642              430.870040     
        7.10               5.016308              35653              451.905861     
        7.20               5.016308              35558              396.493312     
        7.30               5.016308              35591              354.822583     
        7.40               5.016308              35744              417.043320     
        7.50               5.016308              35633              389.223959     
        7.60               5.016308              35753              340.557700     
        7.70               5.016308              35868              394.981549     
        7.80               5.016308              35780              306.450928     
        7.90               5.016308              35832              360.797919     
        8.00               5.016308              35838              337.379257     
        8.10               5.016308              35922              404.082237     
        8.20               5.016308              35893              416.148993     
        8.30               5.016308              35861              433.708825     
        8.40               5.016308              35927              447.055475     
        8.50               5.016308              36034              445.520349     
        8.60               5.016308              36030              412.359859     
        8.70               5.016308              35875              345.428624     
        8.80               5.016308              35902              355.557936     
        8.90               5.016308              35875              355.888696     
        9.00               5.016308              35956              380.856611     
        9.10               5.016308              35990              397.926328     
        9.20               5.016308              36130              429.126865     
        9.30               5.016308              36224              404.699770     
        9.40               5.016308              36147              398.121617     
        9.50               5.016308              36078              423.960167     
        9.60               5.016308              36034              345.986290     
        9.70               5.016308              35931              353.161455     
        9.80               5.016308              35879              381.198195     
        9.90               5.016308              35724              388.789466     
       10.00               5.016308              35812              364.888897     
       10.10               5.016308              35793              423.514326     
       10.20               5.016308              35724              424.366396     
       10.30               5.016308              35645              450.795013     
       10.40               5.016308              35660              432.639879     
       10.50               5.016308              35593              498.016673     
       10.60               5.016308              35546              455.111501     
       10.70               5.016308              35515              454.804033     
       10.80               5.016308              35411              345.258175     
       10.90               5.016308              35457              399.629148     
       11.00               5.016308              35418              369.516000     
       11.10               5.016308              35405              391.287442     
       11.20               5.016308              35508              395.192935     
       11.30               5.016308              35473              332.605656     
       11.40               5.016308              35611              341.549960     
       11.50               5.016308              35542              332.732494     
       11.60               5.016308              35623              353.974710     
       11.70               5.016308              35566              348.079086     
       11.80               5.016308              35529              223.453329     
       11.90               5.016308              35535              210.036869     
       12.00               5.016308              35614              207.523293     
       12.10               5.016308              35772              263.270413     
       12.20               5.016308              35709              318.846159     
       12.30               5.016308              35687              321.332028     
       12.40               5.016308              35728              291.469934     
       12.50               5.016308              35714              305.585331     
       12.60               5.016308              35738              365.934942     
       12.70               5.016308              35661              445.813051     
       12.80               5.016308              35653              472.615901     
       12.90               5.016308              35689              524.120879     
       13.00               5.016308              35710              514.088493     
       13.10               5.016308              35752              490.387697     
       13.20               5.016308              35815              474.819409     
       13.30               5.016308              35866              439.567398     
       13.40               5.016308              35841              405.421334     
       13.50               5.016308              35871              461.470564     
       13.60               5.016308              35941              458.758564     
       13.70               5.016308              36040              526.801936     
       13.80               5.016308              36116              512.422847     
       13.90               5.016308              36110              562.073386     
       14.00               5.016308              36056              579.436398     
       14.10               5.016308              36103              555.709506     
       14.20               5.016308              36002              575.316932     
       14.30               5.016308              35996              558.021882     
       14.40               5.016308              36044              543.202220     
       14.50               5.016308              35927              543.688433     
       14.60               5.016308              35856              529.000685     
       14.70               5.016308              35906              482.697488     
       14.80               5.016308              35939              390.915045     
       14.90               5.016308              36058              425.876584     
       15.00               5.016308              35880              451.118866     
       15.10               5.016308              35933              369.999775     
       15.20               5.016308              35992              425.872473     
       15.30               5.016308              35821              449.296266     
       15.40               5.016308              35817              410.679403     
       15.50               5.016308              35731              336.078362     
       15.60               5.016308              35762              417.290069     
       15.70               5.016308              35841              448.393374     
       15.80               5.016308              35727              486.833747     
       15.90               5.016308              35858              447.564584     
       16.00               5.016308              35721              419.376278     
       16.10               5.016308              35788              404.615548     
       16.20               5.016308              35813              419.884681     
       16.30               5.016308              35726              457.596191     
       16.40               5.016308              35860              432.046477     
       16.50               5.016308              35786              400.098445     
       16.60               5.016308              35869              391.956287     
       16.70               5.016308              35889              418.717089     
       16.80               5.016308              35833              368.850112     
       16.90               5.016308              35788              347.189103     
       17.00               5.016308              35847              288.671346     
       17.10               5.016308              35623              380.188341     
       17.20               5.016308              35544              360.525024     
       17.30               5.016308              35658              380.902834     
       17.40               5.016308              35556              361.058370     
       17.50               5.016308              35669              426.139784     
       17.60               5.016308              35709              519.245711     
       17.70               5.016308              35747              483.337731     
       17.80               5.016308              35751              457.522052     
       17.90               5.016308              35825              480.257485     
       18.00               5.016308              35862              442.883036     
       18.10               5.016308              35721              463.020732     
       18.20               5.016308              35683              420.698578     
       18.30               5.016308              35752              476.086611     
       18.40               5.016308              35732              425.551079     
       18.50               5.016308              35741              511.156271     
       18.60               5.016308              35745              515.263076     
       18.70               5.016308              35816              477.597207     
       18.80               5.016308              35830              469.105974     
       18.90               5.016308              35879              461.944114     
       19.00               5.016308              35957              462.690982     
       19.10               5.016308              35871              415.150710     
       19.20               5.016308              35820              410.036601     
       19.30               5.016308              35829              433.625351     
       19.40               5.016308              35750              453.531298     
       19.50               5.016308              35831              558.123205     
       19.60               5.016308              35846              558.812753     
       19.70               5.016308              35839              511.645769     
       19.80               5.016308              35745              516.991862     
       19.90               5.016308              35592              450.876803     
       20.00               5.016308              35548              433.839692     
       20.10               5.016308              35573              439.096390     
       20.20               5.016308              35478              395.150494     
       20.30               5.016308              35528              482.792537     
       20.40               5.016308              35516              435.770797     
       20.50               5.016308              35322              417.634330     
       20.60               5.016308              35447              375.676689     
       20.70               5.016308              35288              423.954850     
       20.80               5.016308              35448              416.871692     
       20.90               5.016308              35443              376.874030     
       21.00               5.016308              35297              425.092391     
       21.10               5.016308              35328              422.765815     
       21.20               5.016308              35221              493.322747     
       21.30               5.016308              35357              438.163388     
       21.40               5.016308              35311              453.520851     
       21.50               5.016308              35281              453.354749     
       21.60               5.016308              35391              419.599389     
       21.70               5.016308              35313              508.440023     
       21.80               5.016308              35394              479.647357     
       21.90               5.016308              35380              483.284253     
       22.00               5.016308              35386              456.878296     
       22.10               5.016308              35438              325.519948     
       22.20               5.016308              35382              341.055828     
       22.30               5.016308              35446              302.190113     
       22.40               5.016308              35412              374.642630     
       22.50               5.016308              35457              349.555271     
       22.60               5.016308              35481              368.819276     
       22.70               5.016308              35611              339.839658     
       22.80               5.016308              35547              327.333430     
       22.90               5.016308              35516              330.881279     
       23.00               5.016308              35455              279.708955     
       23.10               5.016308              35413              293.937951     
       23.20               5.016308              35512              312.139454     
       23.30               5.016308              35482              329.351232     
       23.40               5.016308              35441              285.560945     
       23.50               5.016308              35490              283.870828     
       23.60               5.016308              35567              292.294492     
       23.70               5.016308              35452              316.312627     
       23.80               5.016308              35447              443.258625     
       23.90               5.016308              35514              508.038531     
       24.00               5.016308              35375              515.000487     
       24.10               5.016308              35450              514.528356     
       24.20               5.016308              35504              467.455622     
       24.30               5.016308              35442              368.235223     
       24.40               5.016308              35261              483.810769     
       24.50               5.016308              35219              407.450177     
       24.60               5.016308              35173              460.181302     
       24.70               5.016308              35136              428.391533     
       24.80               5.016308              34891              459.918766     
       24.90               5.016308              34962              433.587707     
       25.00               5.016308              35074              470.244035     
       25.10               5.016308              35233              537.603456     
       25.20               5.016308              35230              522.435418     
       25.30               5.016308              35218              559.844323     
       25.40               5.016308              35327              569.440921     
       25.50               5.016308              35388              499.374419     
       25.60               5.016308              35374              424.107371     
       25.70               5.016308              35382              403.848425     
       25.80               5.016308              35336              336.569678     
       25.90               5.016308              35257              386.928682     
       26.00               5.016308              35114              345.769628     
       26.10               5.016308              35207              454.483380     
       26.20               5.016308              35161              453.403308     
       26.30               5.016308              35192              477.703297     
       26.40               5.016308              35257              425.478251     
       26.50               5.016308              35191              508.905874     
       26.60               5.016308              35327              482.434962     
       26.70               5.016308              35306              447.646427     
       26.80               5.016308              35260              417.675866     
       26.90               5.016308              35366              409.594986     
       27.00               5.016308              35446              400.448507     
       27.10               5.016308              35445              384.787052     
       27.20               5.016308              35644              293.270788     
       27.30               5.016308              35589              395.874018     
       27.40               5.016308              35559              444.505077     
       27.50               5.016308              35567              541.065395     
       27.60               5.016308              35679              525.358768     
       27.70               5.016308              35699              523.796702     
       27.80               5.016308              35813              484.639263     
       27.90               5.016308              35862              477.276742     
       28.00               5.016308              35898              453.611134     
       28.10               5.016308              35787              469.441340     
       28.20               5.016308              35840              472.655233     
       28.30               5.016308              35919              489.741933     
       28.40               5.016308              35790              509.250126     
       28.50               5.016308              35836              457.974763     
       28.60               5.016308              35975              414.279612     
       28.70               5.016308              35990              354.637706     
       28.80               5.016308              36050              374.896396     
       28.90               5.016308              36088              410.455926     
       29.00               5.016308              36040              420.339917     
       29.10               5.016308              36205              415.929767     
       29.20               5.016308              36274              393.748600     
       29.30               5.016308              36237              346.657000     
       29.40               5.016308              36319              486.411609     
       29.50               5.016308              36173              470.905394     
       29.60               5.016308              36237              466.434768     
       29.70               5.016308              36250              462.227154     
       29.80               5.016308              36260              417.905597     
       29.90               5.016308              36158              408.121224     
       30.00               5.016308              36107              466.670094     
       30.10               5.016308              35982              391.556319     
       30.20               5.016308              35944              353.317434     
       30.30               5.016308              35978              246.673802     
       30.40               5.016308              35961              258.043104     
       30.50               5.016308              35929              349.938056     
       30.60               5.016308              35964              357.065156     
       30.70               5.016308              36011              386.310041     
       30.80               5.016308              35925              387.176968     
       30.90               5.016308              35881              455.905958     
       31.00               5.016308              35845              397.697556     
       31.10               5.016308              35941              390.683479     
       31.20               5.016308              35905              430.181335     
       31.30               5.016308              35750              429.361220     
       31.40               5.016308              35700              452.827037     
       31.50               5.016308              35686              406.186266     
       31.60               5.016308              35693              436.954552     
       31.70               5.016308              35692              434.709954     
       31.80               5.016308              35605              373.735172     
       31.90               5.016308              35605              420.095669     
       32.00               5.016308              35589              410.208000     
       32.10               5.016308              35615              384.274902     
       32.20               5.016308              35735              431.120521     
       32.30               5.016308              35827              452.112472     
       32.40               5.016308              35849              437.090791     
       32.50               5.016308              35725              491.414842     
       32.60               5.016308              35608              439.488006     
       32.70               5.016308              35658              382.404432     
       32.80               5.016308              35767              417.880218     
       32.90               5.016308              35823              457.683271     
       33.00               5.016308              35805              463.429791     
       33.10               5.016308              35720              389.413250     
       33.20               5.016308              35786              447.624372     
       33.30               5.016308              35755              517.738990     
       33.40               5.016308              35699              514.379627     
       33.50               5.016308              35628              428.743323     
       33.60               5.016308              35755              437.660741     
       33.70               5.016308              35748              488.611854     
       33.80               5.016308              35724              533.237890     
       33.90               5.016308              35747              492.031026     
       34.00               5.016308              35805              494.934549     
       34.10               5.016308              35831              410.045513     
       34.20               5.016308              35804              379.765228     
       34.30               5.016308              35781              374.655784     
       34.40               5.016308              35657              307.835300     
       34.50               5.016308              35710              231.839072     
       34.60               5.016308              35815              201.164796     
       34.70               5.016308              35789              282.089601     
       34.80               5.016308              35809              324.387124     
       34.90               5.016308              35757              333.786547     
       35.00               5.016308              35834              361.044721     
       35.10               5.016308              35826              404.040222     
       35.20               5.016308              35813              338.334096     
       35.30               5.016308              35817              300.722132     
       35.40               5.016308              35855              332.412874     
       35.50               5.016308              35846              356.744351     
       35.60               5.016308              35829              362.063415     
       35.70               5.016308              35819              309.426735     
       35.80               5.016308              35836              312.850150     
       35.90               5.016308              35962              406.550823     
       36.00               5.016308              35942              444.097146     
       36.10               5.016308              36053              453.036989     
       36.20               5.016308              36125              448.805390     
       36.30               5.016308              36093              373.527907     
       36.40               5.016308              35941              420.101163     
       36.50               5.016308              35844              499.865715     
       36.60               5.016308              35576              456.322355     
       36.70               5.016308              35581              415.479569     
       36.80               5.016308              35439              376.521604     
       36.90               5.016308              35378              273.889753     
       37.00               5.016308              35446              361.968308     
       37.10               5.016308              35577              342.639964     
       37.20               5.016308              35698              286.694693     
       37.30               5.016308              35682              280.845111     
       37.40               5.016308              35591              348.015118     
       37.50               5.016308              35523              314.546962     
       37.60               5.016308              35568              381.786135     
       37.70               5.016308              35537              331.055811     
       37.80               5.016308              35527              360.748930     
       37.90               5.016308              35564              409.052501     
       38.00               5.016308              35421              444.581113     
       38.10               5.016308              35384              385.327426     
       38.20               5.016308              35642              387.539292     
       38.30               5.016308              35713              410.061387     
       38.40               5.016308              35653              426.584162     
       38.50               5.016308              35773              419.805626     
       38.60               5.016308              35842              441.936513     
       38.70               5.016308              35814              352.330118     
       38.80               5.016308              35921              406.592541     
       38.90               5.016308              35895              459.650653     
       39.00               5.016308              35849              442.932948     
       39.10               5.016308              35734              419.445760     
       39.20               5.016308              35711              484.780267     
       39.30               5.016308              35909              510.727204     
       39.40               5.016308              35917              470.063235     
       39.50               5.016308              36034              472.028596     
       39.60               5.016308              36177              433.599827     
       39.70               5.016308              36135              429.514258     
       39.80               5.016308              36263              423.168177     
       39.90               5.016308              36293              355.019252     
       40.00               5.016308              36277              362.390814     
       40.10               5.016308              36375              356.342879     
       40.20               5.016308              36350              369.656001     
       40.30               5.016308              36179              393.137737     
       40.40               5.016308              36103              384.907274     
       40.50               5.016308              36092              436.929889     
       40.60               5.016308              35990              451.681631     
       40.70               5.016308              36070              436.521819     
       40.80               5.016308              35948              483.714571     
       40.90               5.016308              35869              442.591474     
       41.00               5.016308              35773              357.012453     
       41.10               5.016308              35827              389.659841     
       41.20               5.016308              35785              441.321272     
       41.30               5.016308              35694              444.159170     
       41.40               5.016308              35573              449.882973     
       41.50               5.016308              35740              473.696409     
       41.60               5.016308              35716              394.987471     
       41.70               5.016308              35763              466.265983     
       41.80               5.016308              35835              390.566133     
       41.90               5.016308              35791              351.428975     
       42.00               5.016308              35793              324.017994     
       42.10               5.016308              35824              375.292576     
       42.20               5.016308              35746              383.816009     
       42.30               5.016308              35794              442.733407     
       42.40               5.016308              35600              440.793527     
       42.50               5.016308              35551              508.927349     
       42.60               5.016308              35552              421.355523     
       42.70               5.016308              35593              480.001507     
       42.80               5.016308              35507              456.432451     
       42.90               5.016308              35666              404.100946     
       43.00               5.016308              35583              369.410077     
       43.10               5.016308              35556              376.403170     
       43.20               5.016308              35583              422.949111     
       43.30               5.016308              35603              536.607587     
       43.40               5.016308              35663              492.689344     
       43.50               5.016308              35621              484.212042     
       43.60               5.016308              35742              486.923234     
       43.70               5.016308              35798              463.164828     
       43.80               5.016308              35738              507.280323     
       43.90               5.016308              35744              454.936542     
       44.00               5.016308              35667              428.799955     
       44.10               5.016308              35674              408.271994     
       44.20               5.016308              35674              480.321026     
       44.30               5.016308              35648              428.675306     
       44.40               5.016308              35695              471.362740     
       44.50               5.016308              35945              517.194358     
       44.60               5.016308              36029              402.438789     
       44.70               5.016308              36093              465.243892     
       44.80               5.016308              36115              513.079118     
       44.90               5.016308              36095              568.204750     
       45.00               5.016308              35952              437.419505     
       45.10               5.016308              36087              370.767053     
       45.20               5.016308              36064              385.680494     
       45.30               5.016308              36067              414.904727     
       45.40               5.016308              36176              520.078101     
       45.50               5.016308              36263              501.590594     
       45.60               5.016308              36300              497.390000     
       45.70               5.016308              36322              536.768038     
       45.80               5.016308              36343              442.053554     
       45.90               5.016308              36330              408.749626     
       46.00               5.016308              36288              382.315850     
       46.10               5.016308              36232              397.145051     
       46.20               5.016308              36217              404.659704     
       46.30               5.016308              36123              425.048870     
       46.40               5.016308              35963              435.646441     
       46.50               5.016308              35861              435.964223     
       46.60               5.016308              35867              488.870873     
       46.70               5.016308              35824              404.668668     
       46.80               5.016308              35824              329.471253     
       46.90               5.016308              35698              271.407289     
       47.00               5.016308              35636              365.958272     
       47.10               5.016308              35654              397.492207     
       47.20               5.016308              35662              437.381182     
       47.30               5.016308              35762              429.722711     
       47.40               5.016308              35723              425.969256     
       47.50               5.016308              35750              414.318486     
       47.60               5.016308              35756              384.965671     
       47.70               5.016308              35702              323.206047     
       47.80               5.016308              35616              291.857348     
       47.90               5.016308              35679              291.358057     
       48.00               5.016308              35641              254.626168     
       48.10               5.016308              35463              305.985459     
       48.20               5.016308              35436              418.618722     
       48.30               5.016308              35367              342.802030     
       48.40               5.016308              35350              397.691230     
       48.50               5.016308              35350              318.454888     
       48.60               5.016308              35273              357.614577     
       48.70               5.016308              35239              427.910156     
       48.80               5.016308              35201              500.701209     
       48.90               5.016308              35166              442.868181     
       49.00               5.016308              35248              427.206726     
       49.10               5.016308              35111              436.371570     
       49.20               5.016308              35089              355.154457     
       49.30               5.016308              35051              295.120950     
       49.40               5.016308              35221              367.152585     
       49.50               5.016308              35276              460.382353     
       49.60               5.016308              35235              427.925886     
       49.70               5.016308              35204              407.946363     
       49.80               5.016308              35406              368.287065     
       49.90               5.016308              35389              422.109487     
       50.00               5.016308              35348              410.717482     
       50.10               5.016308              35474              386.060293     
       50.20               5.016308              35429              365.290549     
       50.30               5.016308              35421              337.989451     
       50.40               5.016308              35350              302.358526     
       50.50               5.016308              35502              326.644340     
       50.60               5.016308              35455              341.270327     
       50.70               5.016308              35420              341.762861     
       50.80               5.016308              35448              301.797739     
       50.90               5.016308              35482              330.897775     
       51.00               5.016308              35462              408.228417     
       51.10               5.016308              35440              415.591420     
       51.20               5.016308              35552              461.617463     
       51.30               5.016308              35674              427.330154     
       51.40               5.016308              35580              368.083622     
       51.50               5.016308              35480              321.071849     
       51.60               5.016308              35502              328.734653     
       51.70               5.016308              35505              290.374534     
       51.80               5.016308              35534              345.914358     
       51.90               5.016308              35512              311.515459     
       52.00               5.016308              35371              299.485643     
       52.10               5.016308              35528              263.127055     
       52.20               5.016308              35594              281.905997     
       52.30               5.016308              35759              294.848993     
       52.40               5.016308              35637              286.060315     
       52.50               5.016308              35535              211.713094     
       52.60               5.016308              35542              254.213462     
       52.70               5.016308              35408              208.114849     
       52.80               5.016308              35355              294.794768     
       52.90               5.016308              35508              357.064833     
       53.00               5.016308              35662              255.365354     
       53.10               5.016308              35777              361.157327     
       53.20               5.016308              35771              350.626119     
       53.30               5.016308              35609              333.129668     
       53.40               5.016308              35580              338.917907     
       53.50               5.016308              35470              326.735853     
       53.60               5.016308              35583              317.170952     
       53.70               5.016308              35556              360.812638     
       53.80               5.016308              35605              394.827882     
       53.90               5.016308              35728              334.748976     
       54.00               5.016308              35812              362.605354     
       54.10               5.016308              35939              346.549298     
       54.20               5.016308              35922              290.537036     
       54.30               5.016308              36078              275.113474     
       54.40               5.016308              35997              247.294871     
       54.50               5.016308              36066              243.024903     
       54.60               5.016308              36176              197.999058     
       54.70               5.016308              36198              206.711056     
       54.80               5.016308              36140              182.308875     
       54.90               5.016308              36086              243.809530     
       55.00               5.016308              36111              248.200284     
       55.10               5.016308              36176              270.058001     
       55.20               5.016308              36079              288.741720     
       55.30               5.016308              36014              330.808478     
       55.40               5.016308              36047              362.248383     
       55.50               5.016308              36058              404.751888     
       55.60               5.016308              35929              367.544084     
       55.70               5.016308              35957              383.202484     
       55.80               5.016308              36042              372.079436     
       55.90               5.016308              35932              439.442451     
       56.00               5.016308              35958              401.490393     
       56.10               5.016308              35977              366.648669     
       56.20               5.016308              36075              441.899535     
       56.30               5.016308              36142              441.831973     
       56.40               5.016308              36113              349.143528     
       56.50               5.016308              36158              490.038030     
       56.60               5.016308              36067              492.108885     
       56.70               5.016308              36084              493.061297     
       56.80               5.016308              36027              383.561076     
       56.90               5.016308              36042              401.563760     
       57.00               5.016308              35968              446.537614     
       57.10               5.016308              35873              456.549913     
       57.20               5.016308              35835              466.381884     
       57.30               5.016308              35762              395.298439     
       57.40               5.016308              35792              363.510339     
       57.50               5.016308              35776              342.030573     
       57.60               5.016308              35764              417.958851     
       57.70               5.016308              35599              511.324283     
       57.80               5.016308              35675              490.356894     
       57.90               5.016308              35779              485.172018     
       58.00               5.016308              35854              439.252893     
       58.10               5.016308              35862              478.414509     
       58.20               5.016308              35961              414.327080     
       58.30               5.016308              35954              411.181781     
       58.40               5.016308              36033              395.107828     
       58.50               5.016308              35989              452.617650     
       58.60               5.016308              35874              460.957130     
       58.70               5.016308              35915              480.510225     
       58.80               5.016308              35913              503.665274     
       58.90               5.016308              35916              446.991044     
       59.00               5.016308              35841              447.279104     
       59.10               5.016308              35818              457.361436     
       59.20               5.016308              35794              434.034042     
       59.30               5.016308              35918              399.320697     
       59.40               5.016308              35975              347.760630     
       59.50               5.016308              35860              316.065132     
       59.60               5.016308              35735              250.009420     
       59.70               5.016308              35682              287.094091     
       59.80               5.016308              35657              371.298964     
       59.90               5.016308              35648              403.661718     
       60.00               5.016308              35596              427.345013     
       60.10               5.016308              35564              445.532121     
       60.20               5.016308              35482              501.213797     
       60.30               5.016308              35495              420.190364     
       60.40               5.016308              35655              405.165218     
       60.50               5.016308              35536              390.719174     
       60.60               5.016308              35625              324.719494     
       60.70               5.016308              35511              357.826444     
       60.80               5.016308              35598              407.387797     
       60.90               5.016308              35580              410.886747     
       61.00               5.016308              35448              389.082220     
       61.10               5.016308              35455              376.997522     
       61.20               5.016308              35522              473.336866     
       61.30               5.016308              35420              525.866414     
       61.40               5.016308              35371              518.675887     
       61.50               5.016308              35322              495.867654     
       61.60               5.016308              35352              412.102510     
       61.70               5.016308              35396              353.488615     
       61.80               5.016308              35377              399.903446     
       61.90               5.016308              35493              365.886416     
       62.00               5.016308              35535              355.604827     
       62.10               5.016308              35545              397.649707     
       62.20               5.016308              35723              329.686847     
       62.30               5.016308              35819              321.363135     
       62.40               5.016308              35738              342.467177     
       62.50               5.016308              35642              434.087746     
       62.60               5.016308              35729              450.866626     
       62.70               5.016308              35739              456.472532     
       62.80               5.016308              35799              435.138209     
       62.90               5.016308              35874              415.258175     
       63.00               5.016308              35906              387.357437     
       63.10               5.016308              35839              407.428515     
       63.20               5.016308              35784              401.330825     
       63.30               5.016308              35739              389.052903     
       63.40               5.016308              35882              484.956844     
       63.50               5.016308              35975              413.341772     
       63.60               5.016308              35987              470.394463     
       63.70               5.016308              35972              428.825115     
       63.80               5.016308              35887              471.617055     
       63.90               5.016308              35776              495.134923     
       64.00               5.016308              35757              470.156880     
       64.10               5.016308              35680              461.010805     
       64.20               5.016308              35457              517.119870     
       64.30               5.016308              35523              480.405892     
       64.40               5.016308              35504              325.364245     
       64.50               5.016308              35484              418.758078     
       64.60               5.016308              35408              452.147478     
       64.70               5.016308              35400              325.390730     
       64.80               5.016308              35560              382.658753     
       64.90               5.016308              35530              407.491498     
       65.00               5.016308              35674              339.778025     
       65.10               5.016308              35713              340.075558     
       65.20               5.016308              35610              371.483772     
       65.30               5.016308              35675              444.945193     
       65.40               5.016308              35531              426.289298     
       65.50               5.016308              35536              433.202413     
       65.60               5.016308              35441              447.108509     
       65.70               5.016308              35283              457.378971     
       65.80               5.016308              35320              470.399752     
       65.90               5.016308              35319              446.110284     
       66.00               5.016308              35417              414.443561     
       66.10               5.016308              35376              529.207340     
       66.20               5.016308              35472              479.487550     
       66.30               5.016308              35561              504.046173     
       66.40               5.016308              35584              437.657626     
       66.50               5.016308              35445              420.694706     
       66.60               5.016308              35573              430.312847     
       66.70               5.016308              35592              448.260191     
       66.80               5.016308              35661              449.591645     
       66.90               5.016308              35743              372.660375     
       67.00               5.016308              35741              363.532219     
       67.10               5.016308              35786              325.680717     
       67.20               5.016308              35875              322.239738     
       67.30               5.016308              35908              336.024077     
       67.40               5.016308              35829              399.753641     
       67.50               5.016308              35916              443.873700     
       67.60               5.016308              35876              375.236429     
       67.70               5.016308              35972              500.268857     
       67.80               5.016308              36075              461.475826     
       67.90               5.016308              36144              424.182001     
       68.00               5.016308              36069              400.276314     
       68.10               5.016308              35982              304.917697     
       68.20               5.016308              36079              374.914367     
       68.30               5.016308              35967              234.154591     
       68.40               5.016308              35900              296.913796     
       68.50               5.016308              35975              330.241583     
       68.60               5.016308              35930              266.637852     
       68.70               5.016308              35926              225.823443     
       68.80               5.016308              35844              381.372599     
       68.90               5.016308              35700              407.881447     
       69.00               5.016308              35722              440.454547     
       69.10               5.016308              35832              400.938036     
       69.20               5.016308              35865              468.684309     
       69.30               5.016308              35904              418.476256     
       69.40               5.016308              35951              380.270904     
       69.50               5.016308              35878              445.109985     
       69.60               5.016308              35791              442.462122     
       69.70               5.016308              35885              424.908017     
       69.80               5.016308              35863              358.732393     
       69.90               5.016308              35853              367.232401     
       70.00               5.016308              35895              407.824594     
       70.10               5.016308              35936              351.302237     
       70.20               5.016308              35981              388.073401     
       70.30               5.016308              36086              355.018797     
       70.40               5.016308              36239              453.099237     
       70.50               5.016308              36248              454.392586     
       70.60               5.016308              36260              427.561537     
       70.70               5.016308              36279              430.112087     
       70.80               5.016308              36388              449.221918     
       70.90               5.016308              36252              433.794474     
       71.00               5.016308              36152              390.104369     
       71.10               5.016308              36049              377.609308     
       71.20               5.016308              36015              419.175571     
       71.30               5.016308              35980              430.889562     
       71.40               5.016308              35947              369.603348     
       71.50               5.016308              35883              351.758003     
       71.60               5.016308              35906              351.546988     
       71.70               5.016308              35990              506.210579     
       71.80               5.016308              35865              449.444515     
       71.90               5.016308              35996              415.728836     
       72.00               5.016308              35991              382.747448     
       72.10               5.016308              36088              409.747459     
       72.20               5.016308              35941              413.821712     
       72.30               5.016308              35830              496.121306     
       72.40               5.016308              35828              513.296363     
       72.50               5.016308              35846              466.989570     
       72.60               5.016308              35710              460.429100     
       72.70               5.016308              35520              465.635071     
       72.80               5.016308              35534              453.046633     
       72.90               5.016308              35437              485.409671     
       73.00               5.016308              35547              498.798890     
       73.10               5.016308              35461              518.431642     
       73.20               5.016308              35508              441.339576     
       73.30               5.016308              35530              475.025221     
       73.40               5.016308              35547              545.855390     
       73.50               5.016308              35389              499.277398     
       73.60               5.016308              35500              418.339277     
       73.70               5.016308              35478              471.775853     
       73.80               5.016308              35694              459.971552     
       73.90               5.016308              35841              534.030338     
       74.00               5.016308              35823              511.297066     
       74.10               5.016308              35945              543.637663     
       74.20               5.016308              35858              465.720095     
       74.30               5.016308              35875              497.457556     
       74.40               5.016308              35964              499.081373     
       74.50               5.016308              35948              462.239510     
       74.60               5.016308              35752              433.305298     
       74.70               5.016308              35709              432.177266     
       74.80               5.016308              35612              419.562517     
       74.90               5.016308              35567              485.074063     
       75.00               5.016308              35533              414.621704     
       75.10               5.016308              35585              424.035929     
       75.20               5.016308              35649              509.565873     
       75.30               5.016308              35593              437.423133     
       75.40               5.016308              35574              420.669385     
       75.50               5.016308              35578              395.611100     
       75.60               5.016308              35544              399.171717     
       75.70               5.016308              35541              373.085660     
       75.80               5.016308              35702              353.180940     
       75.90               5.016308              35677              381.371128     
       76.00               5.016308              35668              392.187348     
       76.10               5.016308              35740              428.174377     
       76.20               5.016308              35701              391.046004     
       76.30               5.016308              35816              378.454705     
       76.40               5.016308              35825              384.002678     
       76.50               5.016308              35794              426.454372     
       76.60               5.016308              35746              491.037215     
       76.70               5.016308              35855              469.574268     
       76.80               5.016308              35905              418.011563     
       76.90               5.016308              35834              367.919304     
       77.00               5.016308              35857              346.265975     
       77.10               5.016308              35856              332.875688     
       77.20               5.016308              35774              363.420865     
       77.30               5.016308              35759              309.338934     
       77.40               5.016308              35735              359.016824     
       77.50               5.016308              35770              396.496814     
       77.60               5.016308              35739              479.628741     
       77.70               5.016308              35748              497.022637     
       77.80               5.016308              35635              406.381514     
       77.90               5.016308              35632              290.968392     
       78.00               5.016308              35610              283.420399     
       78.10               5.016308              35691              269.511233     
       78.20               5.016308              35660              317.374885     
       78.30               5.016308              35657              413.189320     
       78.40               5.016308              35729              413.279682     
       78.50               5.016308              35719              506.693955     
       78.60               5.016308              35853              362.382643     
       78.70               5.016308              35874              330.638153     
       78.80               5.016308              35816              359.521498     
       78.90               5.016308              35790              338.604502     
       79.00               5.016308              35667              376.203031     
       79.10               5.016308              35558              366.652160     
       79.20               5.016308              35531              337.768940     
       79.30               5.016308              35574              298.681468     
       79.40               5.016308              35737              274.692246     
       79.50               5.016308              35658              288.220564     
       79.60               5.016308              35736              338.537489     
       79.70               5.016308              35671              405.120856     
       79.80               5.016308              35643              457.163326     
       79.90               5.016308              35706              422.066815     
       80.00               5.016308              35848              345.733637     
       80.10               5.016308              35873              330.257487     
       80.20               5.016308              35958              354.273410     
       80.30               5.016308              35864              371.138916     
       80.40               5.016308              35764              423.815690     
       80.50               5.016308              35642              414.986640     
       80.60               5.016308              35616              418.224097     
       80.70               5.016308              35587              394.516942     
       80.80               5.016308              35547              441.042210     
       80.90               5.016308              35596              410.887829     
       81.00               5.016308              35647              463.922157     
       81.10               5.016308              35680              406.207090     
       81.20               5.016308              35633              407.779857     
       81.30               5.016308              35626              357.176088     
       81.40               5.016308              35720              342.218804     
       81.50               5.016308              35792              369.992567     
       81.60               5.016308              35804              375.886838     
       81.70               5.016308              35751              383.502151     
       81.80               5.016308              35717              422.815667     
       81.90               5.016308              35738              353.061560     
       82.00               5.016308              35715              373.002570     
       82.10               5.016308              35614              357.037970     
       82.20               5.016308              35714              393.116242     
       82.30               5.016308              35841              377.967938     
       82.40               5.016308              35882              381.894382     
       82.50               5.016308              35911              429.746104     
       82.60               5.016308              35916              484.292925     
       82.70               5.016308              36051              446.748005     
       82.80               5.016308              36122              441.711861     
       82.90               5.016308              36178              425.508210     
       83.00               5.016308              36140              503.634600     
       83.10               5.016308              36119              547.281836     
       83.20               5.016308              36145              514.203267     
       83.30               5.016308              36138              492.783811     
       83.40               5.016308              36080              464.085537     
       83.50               5.016308              36206              512.544468     
       83.60               5.016308              36202              533.561786     
       83.70               5.016308              36055              486.696777     
       83.80               5.016308              36100              422.763599     
       83.90               5.016308              36136              431.788323     
       84.00               5.016308              36018              389.917724     
       84.10               5.016308              35966              471.662255     
       84.20               5.016308              35931              404.008215     
       84.30               5.016308              35972              367.642576     
       84.40               5.016308              35802              345.383194     
       84.50               5.016308              35712              391.348740     
       84.60               5.016308              35680              362.131798     
       84.70               5.016308              35627              409.876819     
       84.80               5.016308              35776              346.963641     
       84.90               5.016308              35704              386.919842     
       85.00               5.016308              35864              322.472522     
       85.10               5.016308              35568              317.700180     
       85.20               5.016308              35584              339.167650     
       85.30               5.016308              35611              377.209853     
       85.40               5.016308              35779              321.279369     
       85.50               5.016308              35835              390.624114     
       85.60               5.016308              35846              449.525379     
       85.70               5.016308              35793              424.177232     
       85.80               5.016308              35758              448.760675     
       85.90               5.016308              35686              362.408320     
       86.00               5.016308              35589              486.212329     
       86.10               5.016308              35594              446.761217     
       86.20               5.016308              35685              481.274604     
       86.30               5.016308              35643              436.393720     
       86.40               5.016308              35593              426.094374     
       86.50               5.016308              35583              412.628587     
       86.60               5.016308              35425              442.212961     
       86.70               5.016308              35424              340.354134     
       86.80               5.016308              35403              352.753257     
       86.90               5.016308              35319              355.969990     
       87.00               5.016308              35404              481.082623     
       87.10               5.016308              35342              469.891573     
       87.20               5.016308              35373              433.580757     
       87.30               5.016308              35385              431.964945     
       87.40               5.016308              35443              390.290883     
       87.50               5.016308              35464              359.150465     
       87.60               5.016308              35355              285.045183     
       87.70               5.016308              35397              324.870517     
       87.80               5.016308              35320              397.256353     
       87.90               5.016308              35317              415.239114     
       88.00               5.016308              35454              427.243855     
       88.10               5.016308              35378              408.871737     
       88.20               5.016308              35322              481.711746     
       88.30               5.016308              35345              405.962259     
       88.40               5.016308              35187              489.596297     
       88.50               5.016308              35210              534.659122     
       88.60               5.016308              35252              479.365590     
       88.70               5.016308              35336              450.440381     
       88.80               5.016308              35402              504.872717     
       88.90               5.016308              35262              387.654157     
       89.00               5.016308              35262              384.856890     
       89.10               5.016308              35291              367.780645     
       89.20               5.016308              35335              423.107009     
       89.30               5.016308              35318              332.489738     
       89.40               5.016308              35035              413.750997     
       89.50               5.016308              35133              411.717897     
       89.60               5.016308              35234              383.145851     
       89.70               5.016308              35323              319.827609     
       89.80               5.016308              35421              264.732574     
       89.90               5.016308              35484              351.610433     
       90.00               5.016308              35643              369.916562     
       90.10               5.016308              35769              396.722106     
       90.20               5.016308              35740              462.518248     
       90.30               5.016308              35856              425.122211     
       90.40               5.016308              35785              365.750085     
       90.50               5.016308              35799              385.705413     
       90.60               5.016308              35839              410.984925     
       90.70               5.016308              35881              423.120105     
       90.80               5.016308              35846              406.919970     
       90.90               5.016308              35953              390.202417     
       91.00               5.016308              36044              486.320185     
       91.10               5.016308              36129              474.606694     
       91.20               5.016308              36293              514.652609     
       91.30               5.016308              36379              525.556990     
       91.40               5.016308              36381              470.380327     
       91.50               5.016308              36380              454.374588     
       91.60               5.016308              36365              500.295873     
       91.70               5.016308              36325              403.838818     
       91.80               5.016308              36289              345.556952     
       91.90               5.016308              36405              425.843418     
       92.00               5.016308              36267              400.637525     
       92.10               5.016308              36365              458.376297     
       92.20               5.016308              36369              317.332633     
       92.30               5.016308              36340              310.362306     
       92.40               5.016308              36318              325.398544     
       92.50               5.016308              36343              392.902277     
       92.60               5.016308              36426              340.068344     
       92.70               5.016308              36501              360.591598     
       92.80               5.016308              36526              350.679620     
       92.90               5.016308              36628              373.624546     
       93.00               5.016308              36730              382.935627     
       93.10               5.016308              36783              361.099486     
       93.20               5.016308              36692              351.114813     
       93.30               5.016308              36596              424.286023     
       93.40               5.016308              36535              361.465714     
       93.50               5.016308              36671              410.400305     
       93.60               5.016308              36519              424.229729     
       93.70               5.016308              36493              402.640077     
       93.80               5.016308              36527              377.295353     
       93.90               5.016308              36432              435.088504     
       94.00               5.016308              36397              459.251835     
       94.10               5.016308              36296              397.020963     
       94.20               5.016308              36175              312.789692     
       94.30               5.016308              36176              315.702913     
       94.40               5.016308              36255              377.788722     
       94.50               5.016308              36253              396.815240     
       94.60               5.016308              36307              457.479638     
       94.70               5.016308              36443              461.944041     
       94.80               5.016308              36346              474.039470     
       94.90               5.016308              36431              524.270756     
       95.00               5.016308              36433              395.433416     
       95.10               5.016308              36368              326.937358     
       95.20               5.016308              36188              318.113470     
       95.30               5.016308              36430              370.336799     
       95.40               5.016308              36330              378.661787     
       95.50               5.016308              36277              364.153309     
       95.60               5.016308              36236              396.566139     
       95.70               5.016308              36188              443.967495     
       95.80               5.016308              36143              391.684844     
       95.90               5.016308              36016              402.236201     
       96.00               5.016308              36023              457.429921     
       96.10               5.016308              36131              408.079927     
       96.20               5.016308              36177              368.344920     
       96.30               5.016308              36193              396.518290     
       96.40               5.016308              36240              372.105872     
       96.50               5.016308              36084              448.085491     
       96.60               5.016308              36024              536.082907     
       96.70               5.016308              35914              465.763563     
       96.80               5.016308              35863              493.471753     
       96.90               5.016308              35823              519.225269     
       97.00               5.016308              35860              561.371631     
       97.10               5.016308              35667              513.721128     
       97.20               5.016308              35740              445.554269     
       97.30               5.016308              35730              353.459901     
       97.40               5.016308              35744              343.508386     
       97.50               5.016308              35692              358.795326     
       97.60               5.016308              35739              307.063548     
       97.70               5.016308              35792              267.998164     
       97.80               5.016308              35691              311.248193     
       97.90               5.016308              35594              244.543747     
       98.00               5.016308              35617              291.036273     
       98.10               5.016308              35679              318.706381     
       98.20               5.016308              35722              381.407918     
       98.30               5.016308              35768              303.445267     
       98.40               5.016308              35839              325.970628     
       98.50               5.016308              35740              342.205480     
       98.60               5.016308              35720              418.573830     
       98.70               5.016308              35694              425.674936     
       98.80               5.016308              35671              375.770082     
       98.90               5.016308              35706              388.122488     
       99.00               5.016308              35709              431.378068     
       99.10               5.016308              35790              345.066632     
       99.20               5.016308              35939              275.598049     
       99.30               5.016308              35761              267.725693     
       99.40               5.016308              35720              246.752211     
       99.50               5.016308              35684              282.701890     
       99.60               5.016308              35629              274.309893     
       99.70               5.016308              35706              186.003632     
       99.80               5.016308              35666              190.339977     
