        tauB               sizeBin             clust_size      press_align
        0.00               5.016308              42321             10620.326689    
        0.10               5.016308              42458             9335.091764     
        0.20               5.016308              42902             7347.762886     
        0.30               5.016308              43222             5821.040496     
        0.40               5.016308              43470             4572.100562     
        0.50               5.016308              43620             3461.038230     
        0.60               5.016308              43635             2967.277488     
        0.70               5.016308              43613             2543.079701     
        0.80               5.016308              43573             2270.347663     
        0.90               5.016308              43374             2209.010751     
        1.00               5.016308              43143             1775.986726     
        1.10               5.016308              42843             1195.438972     
        1.20               5.016308              42675             1295.963876     
        1.30               5.016308              42238             1516.057685     
        1.40               5.016308              41907             1613.971518     
        1.50               5.016308              41569             1397.226660     
        1.60               5.016308              41335             1700.191286     
        1.70               5.016308              41232             1705.925589     
        1.80               5.016308              41125             1689.563844     
        1.90               5.016308              40971             1660.175181     
        2.00               5.016308              40960             1625.324340     
        2.10               5.016308              40793             1379.012576     
        2.20               5.016308              40743             1668.578033     
        2.30               5.016308              40567             1743.040774     
        2.40               5.016308              40443             1905.583096     
        2.50               5.016308              40434             1863.995106     
        2.60               5.016308              40310             1863.435640     
        2.70               5.016308              40215             1976.905277     
        2.80               5.016308              40230             1486.853102     
        2.90               5.016308              40315             1475.907633     
        3.00               5.016308              40221             1548.138842     
        3.10               5.016308              40193             1612.296306     
        3.20               5.016308              40106             1802.712295     
        3.30               5.016308              40014             1717.492400     
        3.40               5.016308              39935             1727.506210     
        3.50               5.016308              39860             1637.739453     
        3.60               5.016308              39543             1670.217059     
        3.70               5.016308              39430             1906.287536     
        3.80               5.016308              39464             1836.753697     
        3.90               5.016308              39591             2036.671691     
        4.00               5.016308              39558             1993.410895     
        4.10               5.016308              39590             1871.455458     
        4.20               5.016308              39794             1965.600020     
        4.30               5.016308              39992             1756.501882     
        4.40               5.016308              40065             1733.035977     
        4.50               5.016308              40033             1701.837815     
        4.60               5.016308              40103             1675.562250     
        4.70               5.016308              40147             1651.204340     
        4.80               5.016308              40227             1782.183404     
        4.90               5.016308              39989             1930.698000     
        5.00               5.016308              39943             1860.843282     
        5.10               5.016308              39717             1832.390109     
        5.20               5.016308              39527             1658.943701     
        5.30               5.016308              39474             1654.951342     
        5.40               5.016308              39344             1613.749614     
        5.50               5.016308              39476             1817.936476     
        5.60               5.016308              39546             1848.883614     
        5.70               5.016308              39469             2000.359260     
        5.80               5.016308              39522             2033.808601     
        5.90               5.016308              39575             1753.508842     
        6.00               5.016308              39711             1545.697056     
        6.10               5.016308              39936             1781.505621     
        6.20               5.016308              39878             1870.368031     
        6.30               5.016308              40072             1695.936496     
        6.40               5.016308              40176             1649.535156     
        6.50               5.016308              40331             1535.691909     
        6.60               5.016308              40429             1769.731397     
        6.70               5.016308              40309             1938.108815     
        6.80               5.016308              40107             2020.719941     
        6.90               5.016308              40006             2016.957119     
        7.00               5.016308              39697             2092.589156     
        7.10               5.016308              39643             2020.223163     
        7.20               5.016308              39625             2068.096523     
        7.30               5.016308              39612             1957.235144     
        7.40               5.016308              39549             1806.728262     
        7.50               5.016308              39709             1637.825186     
        7.60               5.016308              39686             1760.402125     
        7.70               5.016308              39651             1686.254644     
        7.80               5.016308              39514             1911.357591     
        7.90               5.016308              39416             2014.774260     
        8.00               5.016308              39437             1991.058815     
        8.10               5.016308              39499             1590.537772     
        8.20               5.016308              39588             1398.549767     
        8.30               5.016308              39739             1676.299517     
        8.40               5.016308              39737             1578.876799     
        8.50               5.016308              39760             1628.481452     
        8.60               5.016308              39791             1889.246038     
        8.70               5.016308              39845             1827.120880     
        8.80               5.016308              39746             1862.613911     
        8.90               5.016308              39685             2054.168939     
        9.00               5.016308              39467             1795.542397     
        9.10               5.016308              39370             1820.801266     
        9.20               5.016308              39485             1863.585530     
        9.30               5.016308              39492             1833.017152     
        9.40               5.016308              39519             2062.213882     
        9.50               5.016308              39585             2181.849584     
        9.60               5.016308              39542             2233.581596     
        9.70               5.016308              39465             1996.480087     
        9.80               5.016308              39282             1971.030769     
        9.90               5.016308              39312             1970.054167     
       10.00               5.016308              39462             1919.060488     
       10.10               5.016308              39474             1926.859870     
       10.20               5.016308              39579             1580.298024     
       10.30               5.016308              39488             1573.018401     
       10.40               5.016308              39356             1979.166485     
       10.50               5.016308              39273             1784.483385     
       10.60               5.016308              38997             1716.246616     
       10.70               5.016308              39002             1771.124710     
       10.80               5.016308              39008             1790.191211     
       10.90               5.016308              38990             1870.944027     
       11.00               5.016308              39124             1831.805381     
       11.10               5.016308              39143             2228.688948     
       11.20               5.016308              39122             2019.812659     
       11.30               5.016308              38957             1983.709481     
       11.40               5.016308              38941             2027.788974     
       11.50               5.016308              39073             1852.951055     
       11.60               5.016308              39202             1977.087815     
       11.70               5.016308              39230             1947.017985     
       11.80               5.016308              39097             2031.036836     
       11.90               5.016308              39178             1649.533746     
       12.00               5.016308              39088             1606.754193     
       12.10               5.016308              39288             1401.576235     
       12.20               5.016308              39404             1546.708639     
       12.30               5.016308              39515             1449.958767     
       12.40               5.016308              39509             1454.483640     
       12.50               5.016308              39503             1483.481288     
       12.60               5.016308              39399             1544.194175     
       12.70               5.016308              39414             1848.864880     
       12.80               5.016308              39461             1809.104030     
       12.90               5.016308              39512             1799.250395     
       13.00               5.016308              39400             1789.711129     
       13.10               5.016308              39355             1900.923633     
       13.20               5.016308              39399             1660.657661     
       13.30               5.016308              39435             1774.032712     
       13.40               5.016308              39507             1588.406959     
       13.50               5.016308              39660             1468.504842     
       13.60               5.016308              39717             1771.514221     
       13.70               5.016308              39832             1490.325843     
       13.80               5.016308              39676             1284.721140     
       13.90               5.016308              39678             1412.652477     
       14.00               5.016308              39612             1785.650346     
       14.10               5.016308              39381             1742.850510     
       14.20               5.016308              39193             1620.666585     
       14.30               5.016308              39101             1643.450065     
       14.40               5.016308              38992             1570.970638     
       14.50               5.016308              38945             1605.680393     
       14.60               5.016308              39162             1837.584661     
       14.70               5.016308              39447             1769.906736     
       14.80               5.016308              39594             1794.154892     
       14.90               5.016308              39499             1785.907796     
       15.00               5.016308              39231             1754.780138     
       15.10               5.016308              39209             1794.283582     
       15.20               5.016308              39370             1867.648014     
       15.30               5.016308              39527             1992.189696     
       15.40               5.016308              39761             1838.672737     
       15.50               5.016308              39780             1693.528997     
       15.60               5.016308              39762             1431.976046     
       15.70               5.016308              39559             1475.428178     
       15.80               5.016308              39416             1716.348182     
       15.90               5.016308              39366             1842.269064     
       16.00               5.016308              39419             1727.637798     
       16.10               5.016308              39423             1841.542666     
       16.20               5.016308              39485             1852.781026     
       16.30               5.016308              39475             1872.707073     
       16.40               5.016308              39440             1726.537254     
       16.50               5.016308              39279             1620.356563     
       16.60               5.016308              39357             1888.444102     
       16.70               5.016308              39158             2052.849117     
       16.80               5.016308              39184             1837.075155     
       16.90               5.016308              39367             1700.031053     
       17.00               5.016308              39424             1884.026389     
       17.10               5.016308              39560             1840.647170     
       17.20               5.016308              39482             1316.211264     
       17.30               5.016308              39452             1383.643732     
       17.40               5.016308              39484             1532.147271     
       17.50               5.016308              39361             2072.671053     
       17.60               5.016308              39434             1886.198866     
       17.70               5.016308              39265             1991.530517     
       17.80               5.016308              39158             1987.627231     
       17.90               5.016308              39146             1854.539584     
       18.00               5.016308              39114             1779.522281     
       18.10               5.016308              39052             1770.181865     
       18.20               5.016308              39115             1780.422312     
       18.30               5.016308              39274             1637.615002     
       18.40               5.016308              39444             1495.155851     
       18.50               5.016308              39565             1649.400190     
       18.60               5.016308              39502             1652.182533     
       18.70               5.016308              39550             1677.702978     
       18.80               5.016308              39442             1403.218570     
       18.90               5.016308              39370             1453.109477     
       19.00               5.016308              39336             1440.447823     
       19.10               5.016308              39391             1747.091200     
       19.20               5.016308              39095             1598.916478     
       19.30               5.016308              38930             1751.140336     
       19.40               5.016308              38941             1729.453974     
       19.50               5.016308              38985             1641.973178     
       19.60               5.016308              39055             1898.925775     
       19.70               5.016308              39149             1894.139154     
       19.80               5.016308              39203             1962.055920     
       19.90               5.016308              39180             2222.370099     
       20.00               5.016308              39029             2107.421690     
       20.10               5.016308              39181             1893.187187     
       20.20               5.016308              39214             1883.152935     
       20.30               5.016308              39115             1669.821840     
       20.40               5.016308              39188             1829.349091     
       20.50               5.016308              39302             1517.504932     
       20.60               5.016308              39386             1491.775041     
       20.70               5.016308              39518             1408.326576     
       20.80               5.016308              39438             1559.440647     
       20.90               5.016308              39498             1778.524398     
       21.00               5.016308              39606             1598.473732     
       21.10               5.016308              39744             1518.187127     
       21.20               5.016308              39489             1741.848120     
       21.30               5.016308              39356             1816.179141     
       21.40               5.016308              39339             2170.831488     
       21.50               5.016308              39267             2189.803049     
       21.60               5.016308              39225             1877.966327     
       21.70               5.016308              38906             1917.901939     
       21.80               5.016308              38740             1928.377713     
       21.90               5.016308              38717             1932.373149     
       22.00               5.016308              38775             2031.337497     
       22.10               5.016308              38839             1834.207971     
       22.20               5.016308              38909             1812.583342     
       22.30               5.016308              39200             1691.098088     
       22.40               5.016308              39182             1827.774742     
       22.50               5.016308              39191             1643.105722     
       22.60               5.016308              39327             1694.104464     
       22.70               5.016308              39316             1757.516253     
       22.80               5.016308              39399             1774.055459     
       22.90               5.016308              39452             1655.457561     
       23.00               5.016308              39277             1871.476292     
       23.10               5.016308              39283             1882.427597     
       23.20               5.016308              39301             1905.827008     
       23.30               5.016308              39223             1915.987185     
       23.40               5.016308              39063             2184.788799     
       23.50               5.016308              39036             2164.326041     
       23.60               5.016308              38893             2220.842886     
       23.70               5.016308              39036             2167.445746     
       23.80               5.016308              38971             2137.839174     
       23.90               5.016308              39008             2245.216840     
       24.00               5.016308              39097             1761.002241     
       24.10               5.016308              39256             1596.924896     
       24.20               5.016308              39147             1468.572211     
       24.30               5.016308              39198             1578.976635     
       24.40               5.016308              39312             1407.515472     
       24.50               5.016308              39411             1385.635049     
       24.60               5.016308              39388             1703.875123     
       24.70               5.016308              39308             1790.089192     
       24.80               5.016308              39310             1602.613807     
       24.90               5.016308              39377             1694.497589     
       25.00               5.016308              39231             1464.759265     
       25.10               5.016308              39379             1502.860882     
       25.20               5.016308              39430             1441.671966     
       25.30               5.016308              39431             1505.562974     
       25.40               5.016308              39280             1883.561707     
       25.50               5.016308              39429             1825.988963     
       25.60               5.016308              39442             1681.611685     
       25.70               5.016308              39543             1522.282716     
       25.80               5.016308              39634             1556.727488     
       25.90               5.016308              39672             1444.556043     
       26.00               5.016308              39675             1261.104273     
       26.10               5.016308              39519             1585.838175     
       26.20               5.016308              39459             1454.674490     
       26.30               5.016308              39231             1483.492548     
       26.40               5.016308              39248             1485.571130     
       26.50               5.016308              39101             1420.292400     
       26.60               5.016308              39170             1428.768470     
       26.70               5.016308              39177             1391.015930     
       26.80               5.016308              39214             1654.675347     
       26.90               5.016308              39200             1612.454402     
       27.00               5.016308              39039             1759.216175     
       27.10               5.016308              39175             1691.593714     
       27.20               5.016308              39259             1624.592616     
       27.30               5.016308              39100             1649.453873     
       27.40               5.016308              39032             1468.730201     
       27.50               5.016308              38974             1658.146465     
       27.60               5.016308              38830             1962.845578     
       27.70               5.016308              38763             1620.145562     
       27.80               5.016308              38669             1646.506677     
       27.90               5.016308              38694             1892.517775     
       28.00               5.016308              38670             1610.368052     
       28.10               5.016308              38813             1530.004179     
       28.20               5.016308              38962             1809.495661     
       28.30               5.016308              39124             1796.381941     
       28.40               5.016308              39279             1729.642896     
       28.50               5.016308              39336             1573.860543     
       28.60               5.016308              39428             1730.509957     
       28.70               5.016308              39293             2069.697942     
       28.80               5.016308              39133             2061.280496     
       28.90               5.016308              39066             2178.845976     
       29.00               5.016308              39082             1890.461834     
       29.10               5.016308              38924             1595.427413     
       29.20               5.016308              38924             1741.962781     
       29.30               5.016308              39006             1499.688435     
       29.40               5.016308              39085             1782.400754     
       29.50               5.016308              39183             1709.549680     
       29.60               5.016308              39273             1701.774604     
       29.70               5.016308              39170             1978.336107     
       29.80               5.016308              39014             1971.718236     
       29.90               5.016308              38764             2031.814327     
       30.00               5.016308              38606             1896.981297     
       30.10               5.016308              38608             2118.642528     
       30.20               5.016308              38683             1923.478699     
       30.30               5.016308              38711             1956.183501     
       30.40               5.016308              38756             1954.592642     
       30.50               5.016308              38742             1885.270924     
       30.60               5.016308              38679             1877.505094     
       30.70               5.016308              38647             1776.689985     
       30.80               5.016308              38794             1991.503970     
       30.90               5.016308              38765             1863.478854     
       31.00               5.016308              38858             1937.666585     
       31.10               5.016308              38985             1704.730158     
       31.20               5.016308              39247             1644.059109     
       31.30               5.016308              39233             1762.517173     
       31.40               5.016308              39210             1652.024369     
       31.50               5.016308              39229             1830.320296     
       31.60               5.016308              39114             1795.243123     
       31.70               5.016308              38978             2013.417503     
       31.80               5.016308              38870             2029.193005     
       31.90               5.016308              38885             2043.643943     
       32.00               5.016308              38718             2054.020050     
       32.10               5.016308              38731             2224.047200     
       32.20               5.016308              38667             2278.068342     
       32.30               5.016308              38521             1889.040201     
       32.40               5.016308              38643             1988.561664     
       32.50               5.016308              38694             1869.841171     
       32.60               5.016308              38780             1975.909799     
       32.70               5.016308              38858             1976.558348     
       32.80               5.016308              38895             1842.315464     
       32.90               5.016308              38895             2205.454815     
       33.00               5.016308              38808             2097.683950     
       33.10               5.016308              39033             2048.753698     
       33.20               5.016308              38978             2073.994837     
       33.30               5.016308              39068             1988.858640     
       33.40               5.016308              39036             1963.343914     
       33.50               5.016308              39200             1880.970478     
       33.60               5.016308              39180             2168.106411     
       33.70               5.016308              39151             2020.111095     
       33.80               5.016308              39246             2100.110860     
       33.90               5.016308              39244             1939.196748     
       34.00               5.016308              39390             1838.079394     
       34.10               5.016308              39458             1865.109753     
       34.20               5.016308              39478             1725.473465     
       34.30               5.016308              39524             1784.841261     
       34.40               5.016308              39327             1680.816742     
       34.50               5.016308              39315             1703.669958     
       34.60               5.016308              39375             1610.237494     
       34.70               5.016308              39320             1526.904970     
       34.80               5.016308              39425             1771.477160     
       34.90               5.016308              39404             1873.144396     
       35.00               5.016308              39262             2107.933355     
       35.10               5.016308              39134             2194.036415     
       35.20               5.016308              38840             2043.677516     
       35.30               5.016308              38759             1916.054072     
       35.40               5.016308              38644             1798.566469     
       35.50               5.016308              38650             1911.408945     
       35.60               5.016308              38900             2042.339370     
       35.70               5.016308              39131             2187.893386     
       35.80               5.016308              39250             2255.717978     
       35.90               5.016308              39385             2185.317495     
       36.00               5.016308              39486             2054.606719     
       36.10               5.016308              39398             2056.587979     
       36.20               5.016308              39394             2279.624091     
       36.30               5.016308              39356             2039.187382     
       36.40               5.016308              39191             2319.150390     
       36.50               5.016308              39306             2026.266751     
       36.60               5.016308              39408             1901.387856     
       36.70               5.016308              39451             1866.567026     
       36.80               5.016308              39452             1768.771876     
       36.90               5.016308              39396             1911.586362     
       37.00               5.016308              39272             1718.899216     
       37.10               5.016308              39429             1660.766575     
       37.20               5.016308              39575             1729.426581     
       37.30               5.016308              39723             1799.963431     
       37.40               5.016308              39556             1816.014635     
       37.50               5.016308              39272             1741.702494     
       37.60               5.016308              39289             1622.767419     
       37.70               5.016308              39234             1575.193325     
       37.80               5.016308              39284             1733.093672     
       37.90               5.016308              39289             1638.019234     
       38.00               5.016308              39278             1548.366594     
       38.10               5.016308              39171             1647.638458     
       38.20               5.016308              39106             1754.942909     
       38.30               5.016308              39371             1558.161490     
       38.40               5.016308              39313             1493.769033     
       38.50               5.016308              39248             1636.624149     
       38.60               5.016308              39185             1432.688717     
       38.70               5.016308              39183             1355.384094     
       38.80               5.016308              39019             1557.989967     
       38.90               5.016308              39041             1443.698857     
       39.00               5.016308              38974             1369.546989     
       39.10               5.016308              39085             1564.313276     
       39.20               5.016308              39291             1461.792728     
       39.30               5.016308              39339             1802.412582     
       39.40               5.016308              39409             1691.569270     
       39.50               5.016308              39421             1577.844383     
       39.60               5.016308              39380             1428.735890     
       39.70               5.016308              39546             1627.705976     
       39.80               5.016308              39708             1671.881744     
       39.90               5.016308              39843             1611.676270     
       40.00               5.016308              39884             1480.304469     
       40.10               5.016308              39808             1587.914313     
       40.20               5.016308              39723             1498.104816     
       40.30               5.016308              39634             1476.784963     
       40.40               5.016308              39427             1436.601002     
       40.50               5.016308              39369             1437.098094     
       40.60               5.016308              39257             1299.686944     
       40.70               5.016308              39013             1446.806390     
       40.80               5.016308              38923             1549.627026     
       40.90               5.016308              38844             1632.490169     
       41.00               5.016308              38888             1706.747327     
       41.10               5.016308              38701             1864.165473     
       41.20               5.016308              38658             1950.498455     
       41.30               5.016308              38807             1821.521225     
       41.40               5.016308              38939             1912.997627     
       41.50               5.016308              38948             1926.858959     
       41.60               5.016308              39054             1519.185188     
       41.70               5.016308              38790             1568.335247     
       41.80               5.016308              38870             1601.835855     
       41.90               5.016308              39026             1766.525640     
       42.00               5.016308              39166             1859.485566     
       42.10               5.016308              39192             1673.305548     
       42.20               5.016308              39210             1922.544819     
       42.30               5.016308              39392             2002.276312     
       42.40               5.016308              39388             1860.460898     
       42.50               5.016308              39409             2008.002742     
       42.60               5.016308              39418             1945.751411     
       42.70               5.016308              39314             2006.001595     
       42.80               5.016308              39335             1927.216881     
       42.90               5.016308              39231             2076.106806     
       43.00               5.016308              39068             2052.265542     
       43.10               5.016308              39074             2111.790306     
       43.20               5.016308              39088             2110.000499     
       43.30               5.016308              39105             1876.289476     
       43.40               5.016308              39166             1894.735928     
       43.50               5.016308              39167             1942.146140     
       43.60               5.016308              39120             1781.505332     
       43.70               5.016308              39363             1562.712260     
       43.80               5.016308              39584             1543.629255     
       43.90               5.016308              39585             1616.388563     
       44.00               5.016308              39380             1591.176573     
       44.10               5.016308              39285             1596.385758     
       44.20               5.016308              39369             1771.766250     
       44.30               5.016308              39250             1752.802488     
       44.40               5.016308              39205             1582.997802     
       44.50               5.016308              39304             1540.337729     
       44.60               5.016308              39331             1617.578696     
       44.70               5.016308              39132             1605.253426     
       44.80               5.016308              38961             1813.618968     
       44.90               5.016308              38986             1821.640347     
       45.00               5.016308              39035             2002.531424     
       45.10               5.016308              38939             1801.588005     
       45.20               5.016308              39143             1975.289581     
       45.30               5.016308              39346             1889.057622     
       45.40               5.016308              39333             1814.823838     
       45.50               5.016308              39381             1734.549528     
       45.60               5.016308              39391             1831.434902     
       45.70               5.016308              39294             1708.682836     
       45.80               5.016308              39252             1817.749492     
       45.90               5.016308              39198             2052.527352     
       46.00               5.016308              39140             2029.506230     
       46.10               5.016308              39120             2079.113192     
       46.20               5.016308              39031             1974.629178     
       46.30               5.016308              38880             2042.570956     
       46.40               5.016308              38838             2090.586663     
       46.50               5.016308              38895             1982.457691     
       46.60               5.016308              38926             2176.135270     
       46.70               5.016308              39069             2137.699006     
       46.80               5.016308              39009             2235.818508     
       46.90               5.016308              38782             2203.768130     
       47.00               5.016308              39018             2162.798737     
       47.10               5.016308              39101             2000.630148     
       47.20               5.016308              39149             1623.646992     
       47.30               5.016308              39450             1779.251731     
       47.40               5.016308              39518             1622.828922     
       47.50               5.016308              39564             1704.937948     
       47.60               5.016308              39541             1626.765247     
       47.70               5.016308              39590             1497.941073     
       47.80               5.016308              39552             1483.463143     
       47.90               5.016308              39659             1683.619989     
       48.00               5.016308              39610             1528.988403     
       48.10               5.016308              39576             1666.703340     
       48.20               5.016308              39403             1672.542523     
       48.30               5.016308              39500             1578.775108     
       48.40               5.016308              39719             1712.141675     
       48.50               5.016308              39753             1912.969747     
       48.60               5.016308              39809             1537.778390     
       48.70               5.016308              39898             1743.909753     
       48.80               5.016308              39881             1783.054245     
       48.90               5.016308              39760             1784.775383     
       49.00               5.016308              39804             2100.459157     
       49.10               5.016308              39485             1729.542563     
       49.20               5.016308              39435             1527.592323     
       49.30               5.016308              39391             1792.405514     
       49.40               5.016308              39306             1778.196119     
       49.50               5.016308              39107             1937.754671     
       49.60               5.016308              38903             1955.475358     
       49.70               5.016308              38651             1951.319931     
       49.80               5.016308              38810             2123.957301     
       49.90               5.016308              38792             2131.485652     
       50.00               5.016308              38991             1775.473974     
       50.10               5.016308              39074             1725.067534     
       50.20               5.016308              38834             1947.831217     
       50.30               5.016308              38971             1865.775072     
       50.40               5.016308              39105             1638.966198     
       50.50               5.016308              39156             1544.157235     
       50.60               5.016308              39324             1573.381894     
       50.70               5.016308              39340             1566.059506     
       50.80               5.016308              39388             1499.351874     
       50.90               5.016308              39502             1630.066444     
       51.00               5.016308              39554             1728.323169     
       51.10               5.016308              39553             1682.873559     
       51.20               5.016308              39388             1813.849026     
       51.30               5.016308              39400             1794.162615     
       51.40               5.016308              39178             1934.280280     
       51.50               5.016308              39163             1848.545370     
       51.60               5.016308              39252             1732.776088     
       51.70               5.016308              39373             1619.910723     
       51.80               5.016308              39497             1857.450038     
       51.90               5.016308              39422             1696.499716     
       52.00               5.016308              39330             1830.497310     
       52.10               5.016308              39381             2065.524615     
       52.20               5.016308              39368             1880.655678     
       52.30               5.016308              39161             2023.574677     
       52.40               5.016308              39060             1804.551236     
       52.50               5.016308              38828             1872.850724     
       52.60               5.016308              38725             2051.170574     
       52.70               5.016308              38672             2116.987106     
       52.80               5.016308              38603             2052.715925     
       52.90               5.016308              38696             2073.989911     
       53.00               5.016308              38689             1834.554238     
       53.10               5.016308              38715             1989.821610     
       53.20               5.016308              38801             1737.465923     
       53.30               5.016308              38830             1951.901450     
       53.40               5.016308              38895             1945.530039     
       53.50               5.016308              39010             1824.155290     
       53.60               5.016308              39134             1778.991762     
       53.70               5.016308              39128             1680.324054     
       53.80               5.016308              39180             1667.065503     
       53.90               5.016308              39296             1839.935587     
       54.00               5.016308              39448             1757.315274     
       54.10               5.016308              39635             1786.495166     
       54.20               5.016308              39672             1820.007309     
       54.30               5.016308              39643             1538.788106     
       54.40               5.016308              39525             1603.855957     
       54.50               5.016308              39649             1622.292782     
       54.60               5.016308              39703             1604.250146     
       54.70               5.016308              39647             1606.418619     
       54.80               5.016308              39681             1543.143947     
       54.90               5.016308              39657             1597.246670     
       55.00               5.016308              39549             1756.457136     
       55.10               5.016308              39436             1753.270142     
       55.20               5.016308              39293             1622.207307     
       55.30               5.016308              39175             1680.666709     
       55.40               5.016308              39017             1790.884841     
       55.50               5.016308              38910             1934.921950     
       55.60               5.016308              38828             2006.377980     
       55.70               5.016308              38746             2158.734840     
       55.80               5.016308              38639             2097.562393     
       55.90               5.016308              38835             2202.622528     
       56.00               5.016308              38872             1989.668889     
       56.10               5.016308              38807             1808.594027     
       56.20               5.016308              38664             1745.251334     
       56.30               5.016308              38506             1716.179463     
       56.40               5.016308              38306             1799.171326     
       56.50               5.016308              38415             1896.700518     
       56.60               5.016308              38346             1658.758996     
       56.70               5.016308              38449             1939.119603     
       56.80               5.016308              38534             1889.697318     
       56.90               5.016308              38590             2051.478917     
       57.00               5.016308              38587             1991.681271     
       57.10               5.016308              38652             1802.729307     
       57.20               5.016308              38703             1665.001837     
       57.30               5.016308              38875             1602.446143     
       57.40               5.016308              38942             1541.129855     
       57.50               5.016308              38911             1687.808614     
       57.60               5.016308              39127             1348.045736     
       57.70               5.016308              39266             1644.466337     
       57.80               5.016308              39217             1661.352337     
       57.90               5.016308              39160             1452.101500     
       58.00               5.016308              39016             1586.937346     
       58.10               5.016308              38899             1753.846409     
       58.20               5.016308              38760             1891.341890     
       58.30               5.016308              38732             1771.282210     
       58.40               5.016308              38632             1670.132914     
       58.50               5.016308              38695             1753.299111     
       58.60               5.016308              38810             1707.812597     
       58.70               5.016308              38832             1783.106682     
       58.80               5.016308              38667             1707.707987     
       58.90               5.016308              38618             1713.877293     
       59.00               5.016308              38709             1731.528306     
       59.10               5.016308              38799             1700.243908     
       59.20               5.016308              38931             1785.547448     
       59.30               5.016308              38974             1913.765148     
       59.40               5.016308              39068             1957.343090     
       59.50               5.016308              39194             1868.288999     
       59.60               5.016308              39257             1870.130454     
       59.70               5.016308              39168             1835.332163     
       59.80               5.016308              39047             1789.430841     
       59.90               5.016308              38901             1760.324054     
       60.00               5.016308              38810             1740.220403     
       60.10               5.016308              38791             1754.031312     
       60.20               5.016308              38606             1794.384702     
       60.30               5.016308              38558             1882.154241     
       60.40               5.016308              38656             1881.819615     
       60.50               5.016308              38726             1790.654910     
       60.60               5.016308              38758             1870.886262     
       60.70               5.016308              38819             1989.803481     
       60.80               5.016308              38779             1837.309234     
       60.90               5.016308              38861             1713.685652     
       61.00               5.016308              38947             1566.354710     
       61.10               5.016308              38852             1580.975330     
       61.20               5.016308              38923             1555.470439     
       61.30               5.016308              38700             1623.652096     
       61.40               5.016308              38609             1485.858934     
       61.50               5.016308              38539             1436.304972     
       61.60               5.016308              38385             1621.213638     
       61.70               5.016308              38457             1876.484285     
       61.80               5.016308              38513             1940.806723     
       61.90               5.016308              38302             2142.500649     
       62.00               5.016308              38382             2188.805278     
       62.10               5.016308              38585             2122.343007     
       62.20               5.016308              38495             1988.991056     
       62.30               5.016308              38594             1723.847737     
       62.40               5.016308              38739             1801.746392     
       62.50               5.016308              38923             1741.941420     
       62.60               5.016308              38944             1668.139854     
       62.70               5.016308              38936             1598.910739     
       62.80               5.016308              38939             1727.745580     
       62.90               5.016308              39135             1629.759021     
       63.00               5.016308              39140             1793.600867     
       63.10               5.016308              39170             1772.740103     
       63.20               5.016308              39121             1801.403175     
       63.30               5.016308              39075             2065.261209     
       63.40               5.016308              38962             1875.708693     
       63.50               5.016308              38898             1745.041888     
       63.60               5.016308              38947             2013.890252     
       63.70               5.016308              38893             1703.590797     
       63.80               5.016308              38769             1751.998530     
       63.90               5.016308              38681             1501.378385     
       64.00               5.016308              38813             1501.101416     
       64.10               5.016308              39113             1718.635648     
       64.20               5.016308              39252             1700.922910     
       64.30               5.016308              39269             1463.305797     
       64.40               5.016308              39356             1312.246558     
       64.50               5.016308              39151             1211.406319     
       64.60               5.016308              38917             1198.693377     
       64.70               5.016308              38952             1237.927073     
       64.80               5.016308              38730             1604.614980     
       64.90               5.016308              38511             1552.745631     
       65.00               5.016308              38567             1611.914199     
       65.10               5.016308              38569             1709.286833     
       65.20               5.016308              38625             2027.538518     
       65.30               5.016308              38653             1915.664251     
       65.40               5.016308              38781             1792.004681     
       65.50               5.016308              38913             1965.648876     
       65.60               5.016308              38690             1853.660943     
       65.70               5.016308              38771             1881.399327     
       65.80               5.016308              38850             1852.536989     
       65.90               5.016308              38669             1839.719865     
       66.00               5.016308              38619             1751.869488     
       66.10               5.016308              38615             2148.707841     
       66.20               5.016308              38476             1996.845511     
       66.30               5.016308              38649             1884.505349     
       66.40               5.016308              38649             2004.998890     
       66.50               5.016308              38707             1931.732554     
       66.60               5.016308              38670             1874.247294     
       66.70               5.016308              38536             2116.206488     
       66.80               5.016308              38637             1926.455327     
       66.90               5.016308              38707             1956.161003     
       67.00               5.016308              38989             1631.795355     
       67.10               5.016308              39017             1592.118097     
       67.20               5.016308              39093             1599.295706     
       67.30               5.016308              39122             1620.705446     
       67.40               5.016308              39132             1485.809386     
       67.50               5.016308              39119             1745.598879     
       67.60               5.016308              38889             1734.754222     
       67.70               5.016308              38895             1526.599882     
       67.80               5.016308              38762             1262.327890     
       67.90               5.016308              38719             1270.853204     
       68.00               5.016308              38823             1594.577619     
       68.10               5.016308              38818             1813.989483     
       68.20               5.016308              38554             1973.991723     
       68.30               5.016308              38695             1811.057304     
       68.40               5.016308              38745             1758.146911     
       68.50               5.016308              38747             1841.136584     
       68.60               5.016308              38574             1934.828101     
       68.70               5.016308              38775             1703.301434     
       68.80               5.016308              39051             1718.279043     
       68.90               5.016308              39202             1495.006004     
       69.00               5.016308              39302             1544.873852     
       69.10               5.016308              39123             1650.172807     
       69.20               5.016308              39223             1561.484563     
       69.30               5.016308              39208             1553.719236     
       69.40               5.016308              39113             1641.403189     
       69.50               5.016308              39080             1629.112285     
       69.60               5.016308              39041             1739.662314     
       69.70               5.016308              39045             1653.810626     
       69.80               5.016308              39108             1653.800201     
       69.90               5.016308              38966             1764.274075     
       70.00               5.016308              39072             1667.176114     
       70.10               5.016308              39082             1617.278554     
       70.20               5.016308              38940             1624.522304     
       70.30               5.016308              38894             1536.661829     
       70.40               5.016308              38872             1451.854108     
       70.50               5.016308              38799             1288.059871     
       70.60               5.016308              38663             1545.661409     
       70.70               5.016308              38787             1380.678780     
       70.80               5.016308              38825             1855.893527     
       70.90               5.016308              38977             1912.233024     
       71.00               5.016308              38992             1982.041816     
       71.10               5.016308              38906             1695.609475     
       71.20               5.016308              38835             1616.362806     
       71.30               5.016308              38930             1608.209285     
       71.40               5.016308              38829             2063.630089     
       71.50               5.016308              38797             2182.953805     
       71.60               5.016308              38828             2069.077080     
       71.70               5.016308              38859             2017.439103     
       71.80               5.016308              38862             1887.026050     
       71.90               5.016308              38918             1864.146464     
       72.00               5.016308              39147             1791.756164     
       72.10               5.016308              39181             2116.334182     
       72.20               5.016308              39189             1886.227789     
       72.30               5.016308              39038             1781.094635     
       72.40               5.016308              39076             1701.316178     
       72.50               5.016308              39040             1569.802244     
       72.60               5.016308              39035             1613.991906     
       72.70               5.016308              39015             1347.502739     
       72.80               5.016308              39085             1142.993810     
       72.90               5.016308              39290             1361.142066     
       73.00               5.016308              39376             1520.737878     
       73.10               5.016308              39336             1452.245686     
       73.20               5.016308              39373             1636.448294     
       73.30               5.016308              39093             1615.789022     
       73.40               5.016308              39020             1718.404734     
       73.50               5.016308              39087             1820.674417     
       73.60               5.016308              38930             2113.854528     
       73.70               5.016308              39160             2090.977366     
       73.80               5.016308              39083             2074.041312     
       73.90               5.016308              38963             1991.392373     
       74.00               5.016308              38847             1972.701687     
       74.10               5.016308              38862             1914.794905     
       74.20               5.016308              38710             1842.492580     
       74.30               5.016308              38647             2102.548698     
       74.40               5.016308              38790             1929.141818     
       74.50               5.016308              38932             1898.386947     
       74.60               5.016308              38843             1894.614479     
       74.70               5.016308              38913             2093.192462     
       74.80               5.016308              38988             1898.869674     
       74.90               5.016308              39094             1886.801989     
       75.00               5.016308              39193             1841.990573     
       75.10               5.016308              38967             2084.237157     
       75.20               5.016308              38965             1747.098808     
       75.30               5.016308              39004             1707.711185     
       75.40               5.016308              38967             1483.767449     
       75.50               5.016308              39035             1694.016659     
       75.60               5.016308              39050             1660.845662     
       75.70               5.016308              39071             1659.133661     
       75.80               5.016308              39110             1540.194061     
       75.90               5.016308              39109             1563.933856     
       76.00               5.016308              39275             1506.161175     
       76.10               5.016308              39228             1628.902536     
       76.20               5.016308              39403             1880.261229     
       76.30               5.016308              39432             1406.983168     
       76.40               5.016308              39508             1609.118780     
       76.50               5.016308              39406             1555.193475     
       76.60               5.016308              39444             1696.122295     
       76.70               5.016308              39469             1528.337699     
       76.80               5.016308              39470             1836.279254     
       76.90               5.016308              39020             1803.457042     
       77.00               5.016308              38964             1928.316542     
       77.10               5.016308              39066             1917.296582     
       77.20               5.016308              38846             1684.269520     
       77.30               5.016308              38865             1636.737326     
       77.40               5.016308              38955             1460.504197     
       77.50               5.016308              39007             1555.498770     
       77.60               5.016308              38989             1630.893962     
       77.70               5.016308              38866             1625.708362     
       77.80               5.016308              38970             1905.151147     
       77.90               5.016308              39039             2061.036425     
       78.00               5.016308              38984             2178.929390     
       78.10               5.016308              39138             2386.672563     
       78.20               5.016308              39291             2078.548883     
       78.30               5.016308              39082             1887.158902     
       78.40               5.016308              39263             2044.542931     
       78.50               5.016308              39414             2004.925214     
       78.60               5.016308              39481             1922.959412     
       78.70               5.016308              39314             2075.767592     
       78.80               5.016308              39350             1733.860770     
       78.90               5.016308              39351             1898.998276     
       79.00               5.016308              39369             1906.510514     
       79.10               5.016308              39309             1691.925799     
       79.20               5.016308              39515             1493.261654     
       79.30               5.016308              39488             1468.863736     
       79.40               5.016308              39509             1677.912654     
       79.50               5.016308              39334             1590.429653     
       79.60               5.016308              39245             1392.910102     
       79.70               5.016308              39126             1828.482914     
       79.80               5.016308              39200             1965.366203     
       79.90               5.016308              39149             1501.881228     
       80.00               5.016308              39036             1585.710115     
       80.10               5.016308              39045             1728.423265     
       80.20               5.016308              39202             2047.172905     
       80.30               5.016308              39074             1908.754322     
       80.40               5.016308              38947             1997.046802     
       80.50               5.016308              39020             1814.687261     
       80.60               5.016308              39184             1869.108500     
       80.70               5.016308              39469             1787.354085     
       80.80               5.016308              39580             1900.440577     
       80.90               5.016308              39591             2220.800382     
       81.00               5.016308              39667             2028.157385     
       81.10               5.016308              39686             1922.005666     
       81.20               5.016308              39630             1644.670633     
       81.30               5.016308              39674             1443.541153     
       81.40               5.016308              39420             1496.187094     
       81.50               5.016308              39224             1499.622744     
       81.60               5.016308              39242             1485.261189     
       81.70               5.016308              39185             1469.679245     
       81.80               5.016308              38918             1618.630416     
       81.90               5.016308              38778             1592.608525     
       82.00               5.016308              38651             1717.346401     
       82.10               5.016308              38420             1784.855686     
       82.20               5.016308              38594             1881.384753     
       82.30               5.016308              38673             1722.636331     
       82.40               5.016308              38628             1880.581817     
       82.50               5.016308              38287             1802.252865     
       82.60               5.016308              38215             1879.855958     
       82.70               5.016308              38175             1982.153235     
       82.80               5.016308              38488             2031.708332     
       82.90               5.016308              38678             1855.601263     
       83.00               5.016308              38751             1987.571887     
       83.10               5.016308              38825             1876.603252     
       83.20               5.016308              38865             1787.472887     
       83.30               5.016308              38858             1672.208960     
       83.40               5.016308              38847             1735.334759     
       83.50               5.016308              39073             2027.309562     
       83.60               5.016308              39110             1929.283821     
       83.70               5.016308              39062             2039.789960     
       83.80               5.016308              39182             1793.984985     
       83.90               5.016308              39190             1932.622864     
       84.00               5.016308              39109             1876.164394     
       84.10               5.016308              38975             2007.683556     
       84.20               5.016308              38852             1985.001112     
       84.30               5.016308              38451             2024.672612     
       84.40               5.016308              38382             1882.772032     
       84.50               5.016308              38440             1903.456100     
       84.60               5.016308              38512             2052.175453     
       84.70               5.016308              38683             1813.065624     
       84.80               5.016308              38739             1630.566677     
       84.90               5.016308              38612             1723.586500     
       85.00               5.016308              38679             1954.513799     
       85.10               5.016308              38641             1942.613347     
       85.20               5.016308              38420             1948.198094     
       85.30               5.016308              38401             1999.893667     
       85.40               5.016308              38450             1988.231951     
       85.50               5.016308              38159             1647.662801     
       85.60               5.016308              38249             1603.645902     
       85.70               5.016308              38413             1829.174336     
       85.80               5.016308              38470             1955.250487     
       85.90               5.016308              38390             1947.892296     
       86.00               5.016308              38482             1918.920201     
       86.10               5.016308              38557             1900.507019     
       86.20               5.016308              38374             1639.294960     
       86.30               5.016308              38481             1641.062166     
       86.40               5.016308              38479             1789.839051     
       86.50               5.016308              38597             1546.008462     
       86.60               5.016308              38694             1486.104573     
       86.70               5.016308              38740             1575.193512     
       86.80               5.016308              38681             1538.329479     
       86.90               5.016308              38724             1894.457669     
       87.00               5.016308              38687             2074.313939     
       87.10               5.016308              38751             1834.762708     
       87.20               5.016308              38766             1935.739026     
       87.30               5.016308              38663             1714.520696     
       87.40               5.016308              38743             1838.448092     
       87.50               5.016308              38615             1815.038588     
       87.60               5.016308              38661             1983.398200     
       87.70               5.016308              38630             2098.113945     
       87.80               5.016308              38848             2151.107367     
       87.90               5.016308              38937             2231.513970     
       88.00               5.016308              39111             2114.359472     
       88.10               5.016308              39280             2178.852189     
       88.20               5.016308              39477             2047.015270     
       88.30               5.016308              39663             1810.228939     
       88.40               5.016308              39486             1640.074809     
       88.50               5.016308              39460             1754.035973     
       88.60               5.016308              39438             1950.410961     
       88.70               5.016308              39423             1830.753139     
       88.80               5.016308              39443             1909.408410     
       88.90               5.016308              39557             1598.196822     
       89.00               5.016308              39475             1700.208028     
       89.10               5.016308              39359             1977.936157     
       89.20               5.016308              39422             1901.574270     
       89.30               5.016308              39486             1836.363263     
       89.40               5.016308              39451             1837.152196     
       89.50               5.016308              39366             1955.680843     
       89.60               5.016308              39275             1792.713009     
       89.70               5.016308              39250             1948.632559     
       89.80               5.016308              39161             1952.740212     
       89.90               5.016308              38941             1916.279091     
       90.00               5.016308              38913             2010.311310     
       90.10               5.016308              38893             1988.728201     
       90.20               5.016308              38993             1698.505117     
       90.30               5.016308              38984             1757.190047     
       90.40               5.016308              38940             1941.063649     
       90.50               5.016308              39241             1972.160174     
       90.60               5.016308              39416             1836.218912     
       90.70               5.016308              39494             1565.299725     
       90.80               5.016308              39538             1511.645811     
       90.90               5.016308              39427             1411.329141     
       91.00               5.016308              39374             1414.749373     
       91.10               5.016308              39172             1388.525751     
       91.20               5.016308              38986             1334.531602     
       91.30               5.016308              38912             1538.673572     
       91.40               5.016308              38809             1664.172028     
       91.50               5.016308              38779             1542.595097     
       91.60               5.016308              38762             1596.497956     
       91.70               5.016308              38563             1479.006940     
       91.80               5.016308              38585             1611.297195     
       91.90               5.016308              38738             1559.494036     
       92.00               5.016308              38808             1652.351156     
       92.10               5.016308              39081             1725.680882     
       92.20               5.016308              39077             1579.638720     
       92.30               5.016308              39053             1776.675698     
       92.40               5.016308              38954             1761.473675     
       92.50               5.016308              39014             1622.678731     
       92.60               5.016308              39100             1804.960373     
       92.70               5.016308              39108             1878.671356     
       92.80               5.016308              39059             1897.429237     
       92.90               5.016308              38961             1733.749324     
       93.00               5.016308              38905             1704.485599     
       93.10               5.016308              38829             1765.190369     
       93.20               5.016308              38960             1739.005392     
       93.30               5.016308              38631             2055.724271     
       93.40               5.016308              38479             1695.389794     
       93.50               5.016308              38443             1677.307879     
       93.60               5.016308              38431             1973.700727     
       93.70               5.016308              38530             1967.478293     
       93.80               5.016308              38594             1879.846025     
       93.90               5.016308              38729             1666.897256     
       94.00               5.016308              38637             1667.364380     
       94.10               5.016308              38671             1818.452488     
       94.20               5.016308              38680             1527.295770     
       94.30               5.016308              38809             1461.061982     
       94.40               5.016308              38793             1655.525373     
       94.50               5.016308              38537             1801.097285     
       94.60               5.016308              38523             1831.366857     
       94.70               5.016308              38506             1903.132257     
       94.80               5.016308              38655             1871.234551     
       94.90               5.016308              38678             1692.090750     
       95.00               5.016308              38690             1749.987725     
       95.10               5.016308              38462             1833.703270     
       95.20               5.016308              38507             1648.384332     
       95.30               5.016308              38438             1457.743161     
       95.40               5.016308              38516             1460.304105     
       95.50               5.016308              38575             1406.292435     
       95.60               5.016308              38730             1286.503030     
       95.70               5.016308              38774             1290.486933     
       95.80               5.016308              38769             1301.666067     
       95.90               5.016308              38684             1413.760532     
       96.00               5.016308              38484             1739.463264     
       96.10               5.016308              38513             1853.501308     
       96.20               5.016308              38410             1603.628695     
       96.30               5.016308              38411             1824.579549     
       96.40               5.016308              38579             1728.242622     
       96.50               5.016308              38580             1920.123761     
       96.60               5.016308              38600             1889.290938     
       96.70               5.016308              38729             1755.254056     
       96.80               5.016308              38922             1639.685303     
       96.90               5.016308              39018             1493.855969     
       97.00               5.016308              38971             1446.068600     
       97.10               5.016308              38785             1837.113995     
       97.20               5.016308              38910             1882.130361     
       97.30               5.016308              39024             1974.701526     
       97.40               5.016308              38843             1653.726776     
       97.50               5.016308              39017             1683.292127     
       97.60               5.016308              39055             1783.470498     
       97.70               5.016308              39089             1790.668102     
       97.80               5.016308              39083             1590.757452     
       97.90               5.016308              39122             1574.955504     
       98.00               5.016308              39135             1569.502721     
       98.10               5.016308              39122             1745.543801     
       98.20               5.016308              39106             1678.912122     
       98.30               5.016308              39050             1531.962212     
       98.40               5.016308              39187             1653.554444     
       98.50               5.016308              39121             1844.583531     
       98.60               5.016308              39153             1901.238820     
       98.70               5.016308              38827             1881.618491     
       98.80               5.016308              38617             1839.573409     
       98.90               5.016308              38560             1750.313064     
       99.00               5.016308              38639             1766.406819     
       99.10               5.016308              38538             1737.525029     
       99.20               5.016308              38498             1867.319257     
       99.30               5.016308              38542             1913.479319     
       99.40               5.016308              38417             1608.754792     
       99.50               5.016308              38477             1755.256820     
       99.60               5.016308              38512             1937.392787     
       99.70               5.016308              38525             2022.432437     
       99.80               5.016308              38445             1911.234651     
