        tauB               sizeBin             clust_size      press_align
        0.00               5.016308              40328             8505.795831     
        0.10               5.016308              40440             7495.883436     
        0.20               5.016308              40858             5955.066645     
        0.30               5.016308              41374             4890.013856     
        0.40               5.016308              41676             3891.887931     
        0.50               5.016308              42095             3235.247298     
        0.60               5.016308              42483             2728.361423     
        0.70               5.016308              42787             2265.458622     
        0.80               5.016308              42916             1874.244874     
        0.90               5.016308              43027             1570.597707     
        1.00               5.016308              43050             1360.920096     
        1.10               5.016308              43115              955.314587     
        1.20               5.016308              43124              823.528193     
        1.30               5.016308              43029              827.019215     
        1.40               5.016308              42920              896.153286     
        1.50               5.016308              42773              946.878119     
        1.60               5.016308              42596             1004.241416     
        1.70               5.016308              42338             1042.935371     
        1.80               5.016308              42133             1139.738528     
        1.90               5.016308              42016             1091.704582     
        2.00               5.016308              41994             1199.904513     
        2.10               5.016308              41914             1113.373486     
        2.20               5.016308              41851             1247.283900     
        2.30               5.016308              41821             1163.833130     
        2.40               5.016308              41567             1022.191156     
        2.50               5.016308              41210              933.498297     
        2.60               5.016308              41090              956.533667     
        2.70               5.016308              41015              963.734265     
        2.80               5.016308              41062              834.662394     
        2.90               5.016308              41022              985.343073     
        3.00               5.016308              41016              973.442767     
        3.10               5.016308              41040              955.369193     
        3.20               5.016308              41197             1137.168286     
        3.30               5.016308              41068             1262.524148     
        3.40               5.016308              41010             1073.119076     
        3.50               5.016308              40965             1117.950713     
        3.60               5.016308              41086              951.593313     
        3.70               5.016308              41057              933.715484     
        3.80               5.016308              41108              900.691269     
        3.90               5.016308              41053              980.991531     
        4.00               5.016308              41069             1050.436022     
        4.10               5.016308              41125             1011.674199     
        4.20               5.016308              41156              938.949924     
        4.30               5.016308              40992              911.655398     
        4.40               5.016308              40884             1092.335363     
        4.50               5.016308              40851             1238.338996     
        4.60               5.016308              40742             1247.496635     
        4.70               5.016308              40655             1156.005239     
        4.80               5.016308              40687             1245.128110     
        4.90               5.016308              40857             1464.998190     
        5.00               5.016308              41029             1408.483564     
        5.10               5.016308              41149             1392.151026     
        5.20               5.016308              41190             1190.453650     
        5.30               5.016308              41173             1184.500878     
        5.40               5.016308              41249             1353.422832     
        5.50               5.016308              41336             1284.532009     
        5.60               5.016308              41408             1152.227469     
        5.70               5.016308              41409             1218.477521     
        5.80               5.016308              41382             1254.754359     
        5.90               5.016308              41411             1240.438520     
        6.00               5.016308              41366             1102.273704     
        6.10               5.016308              41279             1188.133051     
        6.20               5.016308              41270             1155.129039     
        6.30               5.016308              41247              930.859743     
        6.40               5.016308              41220             1018.246335     
        6.50               5.016308              41101              918.058835     
        6.60               5.016308              41030             1035.455405     
        6.70               5.016308              40924             1076.290915     
        6.80               5.016308              40856              962.841039     
        6.90               5.016308              40970             1059.763870     
        7.00               5.016308              41145             1134.713710     
        7.10               5.016308              41195             1095.678527     
        7.20               5.016308              41366             1260.791628     
        7.30               5.016308              41438             1391.809902     
        7.40               5.016308              41496             1322.237206     
        7.50               5.016308              41439             1146.184030     
        7.60               5.016308              41522             1217.795592     
        7.70               5.016308              41535             1164.699700     
        7.80               5.016308              41534             1165.952983     
        7.90               5.016308              41542             1383.998316     
        8.00               5.016308              41592             1084.360272     
        8.10               5.016308              41478              932.846449     
        8.20               5.016308              41392              961.192847     
        8.30               5.016308              41355             1020.883968     
        8.40               5.016308              41218             1005.900467     
        8.50               5.016308              41143             1115.331569     
        8.60               5.016308              41033             1119.798222     
        8.70               5.016308              41006             1229.286472     
        8.80               5.016308              41094             1172.542338     
        8.90               5.016308              41063             1061.052569     
        9.00               5.016308              41077             1000.212226     
        9.10               5.016308              40964             1052.552470     
        9.20               5.016308              40956              934.754420     
        9.30               5.016308              40904              896.574102     
        9.40               5.016308              40936             1084.320080     
        9.50               5.016308              40864             1253.639855     
        9.60               5.016308              40976             1457.131923     
        9.70               5.016308              41154             1300.394941     
        9.80               5.016308              41438             1315.145846     
        9.90               5.016308              41500             1359.453981     
       10.00               5.016308              41496             1302.034212     
       10.10               5.016308              41441             1187.843928     
       10.20               5.016308              41483             1123.943656     
       10.30               5.016308              41414             1044.166565     
       10.40               5.016308              41472             1059.923853     
       10.50               5.016308              41560             1074.794042     
       10.60               5.016308              41485             1106.282627     
       10.70               5.016308              41518             1110.056025     
       10.80               5.016308              41546             1089.874041     
       10.90               5.016308              41608             1223.716831     
       11.00               5.016308              41563             1154.038286     
       11.10               5.016308              41412             1038.728707     
       11.20               5.016308              41277             1109.281315     
       11.30               5.016308              41339             1108.859860     
       11.40               5.016308              41347             1189.931920     
       11.50               5.016308              41318             1258.013352     
       11.60               5.016308              41265              990.092547     
       11.70               5.016308              41095              860.233100     
       11.80               5.016308              40956             1019.471799     
       11.90               5.016308              41074              970.996848     
       12.00               5.016308              41115              788.832997     
       12.10               5.016308              41107              932.623753     
       12.20               5.016308              41258             1130.810460     
       12.30               5.016308              41272             1095.880707     
       12.40               5.016308              41196              817.070744     
       12.50               5.016308              41143              783.517548     
       12.60               5.016308              41066              834.133805     
       12.70               5.016308              41005              976.645357     
       12.80               5.016308              40916             1004.840653     
       12.90               5.016308              40921             1199.178993     
       13.00               5.016308              40820              993.435289     
       13.10               5.016308              40760             1126.831739     
       13.20               5.016308              40833             1110.040873     
       13.30               5.016308              40826             1167.597331     
       13.40               5.016308              40858             1001.188278     
       13.50               5.016308              40886             1112.681717     
       13.60               5.016308              40911             1013.198615     
       13.70               5.016308              40771             1115.651210     
       13.80               5.016308              40645             1209.615019     
       13.90               5.016308              40662             1245.870344     
       14.00               5.016308              40562             1185.990727     
       14.10               5.016308              40580             1098.397757     
       14.20               5.016308              40708             1019.485507     
       14.30               5.016308              40795             1020.048470     
       14.40               5.016308              40757             1147.100804     
       14.50               5.016308              40806             1146.479857     
       14.60               5.016308              40763              944.327696     
       14.70               5.016308              40714              942.297841     
       14.80               5.016308              40669              901.905680     
       14.90               5.016308              40667              967.624977     
       15.00               5.016308              40572             1129.825587     
       15.10               5.016308              40592             1184.784726     
       15.20               5.016308              40655             1234.132520     
       15.30               5.016308              40773             1165.657733     
       15.40               5.016308              40740             1236.076079     
       15.50               5.016308              40759             1107.008413     
       15.60               5.016308              40738             1122.387142     
       15.70               5.016308              40900             1126.036992     
       15.80               5.016308              40875             1078.260363     
       15.90               5.016308              40907             1118.034276     
       16.00               5.016308              41046             1159.911609     
       16.10               5.016308              41000             1173.670400     
       16.20               5.016308              41055             1293.803610     
       16.30               5.016308              41029             1372.288272     
       16.40               5.016308              41192             1258.976590     
       16.50               5.016308              41387             1218.089714     
       16.60               5.016308              41420             1172.772757     
       16.70               5.016308              41529              986.426261     
       16.80               5.016308              41455             1036.601288     
       16.90               5.016308              41307             1233.440595     
       17.00               5.016308              41419             1280.811826     
       17.10               5.016308              41348             1397.532513     
       17.20               5.016308              41338             1279.143880     
       17.30               5.016308              41218             1256.699109     
       17.40               5.016308              41159             1161.619251     
       17.50               5.016308              41070             1189.983210     
       17.60               5.016308              41023             1419.525708     
       17.70               5.016308              41038             1284.416058     
       17.80               5.016308              41077             1412.205027     
       17.90               5.016308              41062             1138.954020     
       18.00               5.016308              41021              970.567729     
       18.10               5.016308              40953              989.337659     
       18.20               5.016308              40872             1095.073050     
       18.30               5.016308              40921             1150.139526     
       18.40               5.016308              41004             1092.360520     
       18.50               5.016308              41075             1183.938793     
       18.60               5.016308              41165             1092.731397     
       18.70               5.016308              41234             1296.277343     
       18.80               5.016308              41214             1063.292641     
       18.90               5.016308              41135             1010.058019     
       19.00               5.016308              41074             1092.730765     
       19.10               5.016308              40949             1124.761222     
       19.20               5.016308              41075             1005.686421     
       19.30               5.016308              41027              894.616427     
       19.40               5.016308              41187              937.193899     
       19.50               5.016308              41291              911.758298     
       19.60               5.016308              41401              918.603524     
       19.70               5.016308              41392             1013.941384     
       19.80               5.016308              41435              988.941441     
       19.90               5.016308              41296              981.168304     
       20.00               5.016308              41253              844.221196     
       20.10               5.016308              41118             1242.546944     
       20.20               5.016308              40956             1098.870579     
       20.30               5.016308              40872             1045.703725     
       20.40               5.016308              40880             1054.293937     
       20.50               5.016308              40874             1157.833217     
       20.60               5.016308              40830             1161.426862     
       20.70               5.016308              40889              953.306063     
       20.80               5.016308              40988              805.547227     
       20.90               5.016308              41040             1065.351325     
       21.00               5.016308              41009              991.494716     
       21.10               5.016308              40994              798.502900     
       21.20               5.016308              40904              834.074322     
       21.30               5.016308              40860              722.193825     
       21.40               5.016308              40906              796.557105     
       21.50               5.016308              41040             1004.408970     
       21.60               5.016308              41072              983.237079     
       21.70               5.016308              41008              909.656045     
       21.80               5.016308              41039             1083.529941     
       21.90               5.016308              41063             1277.792245     
       22.00               5.016308              41097             1256.689269     
       22.10               5.016308              41219             1401.608356     
       22.20               5.016308              41173             1204.628607     
       22.30               5.016308              41134             1095.221781     
       22.40               5.016308              41052              858.413449     
       22.50               5.016308              41132              830.918116     
       22.60               5.016308              41102              904.241057     
       22.70               5.016308              41038              907.068547     
       22.80               5.016308              41015              773.825789     
       22.90               5.016308              41006              736.647010     
       23.00               5.016308              40914              808.182812     
       23.10               5.016308              40800              750.708911     
       23.20               5.016308              40763              794.416838     
       23.30               5.016308              40768              965.645673     
       23.40               5.016308              40856              906.229389     
       23.50               5.016308              40966             1107.204166     
       23.60               5.016308              41044             1071.905151     
       23.70               5.016308              41265             1200.597100     
       23.80               5.016308              41324             1274.957817     
       23.90               5.016308              41332             1372.825027     
       24.00               5.016308              41334             1224.834037     
       24.10               5.016308              41218             1065.132150     
       24.20               5.016308              41117             1158.334113     
       24.30               5.016308              40917              999.518425     
       24.40               5.016308              40883             1200.658095     
       24.50               5.016308              40860              957.903679     
       24.60               5.016308              40897             1013.802191     
       24.70               5.016308              40860             1183.458482     
       24.80               5.016308              40999             1185.883725     
       24.90               5.016308              40960             1263.053469     
       25.00               5.016308              40959             1224.121484     
       25.10               5.016308              41052             1285.471082     
       25.20               5.016308              41033             1112.183504     
       25.30               5.016308              41113             1183.329185     
       25.40               5.016308              41259             1230.380389     
       25.50               5.016308              41298             1260.192848     
       25.60               5.016308              41206             1281.722182     
       25.70               5.016308              41254             1205.552364     
       25.80               5.016308              41292             1225.178978     
       25.90               5.016308              41103             1107.837910     
       26.00               5.016308              41066             1119.977853     
       26.10               5.016308              41079             1101.212700     
       26.20               5.016308              41066             1129.557161     
       26.30               5.016308              41070             1218.736043     
       26.40               5.016308              41063              987.078127     
       26.50               5.016308              41091             1079.311329     
       26.60               5.016308              41072             1148.067204     
       26.70               5.016308              41147             1100.004573     
       26.80               5.016308              41203             1112.663670     
       26.90               5.016308              41186             1181.961478     
       27.00               5.016308              41017             1163.570149     
       27.10               5.016308              40835             1235.043747     
       27.20               5.016308              40845             1040.212643     
       27.30               5.016308              40945             1100.782679     
       27.40               5.016308              41042             1178.742808     
       27.50               5.016308              41074             1172.492240     
       27.60               5.016308              40895             1189.950232     
       27.70               5.016308              40851             1177.019072     
       27.80               5.016308              40769             1291.814001     
       27.90               5.016308              40792             1176.819555     
       28.00               5.016308              40776             1313.211628     
       28.10               5.016308              40866             1114.512915     
       28.20               5.016308              40936             1066.244159     
       28.30               5.016308              40997             1095.977162     
       28.40               5.016308              41083             1056.769466     
       28.50               5.016308              41101             1163.593493     
       28.60               5.016308              41243             1000.959029     
       28.70               5.016308              41255             1115.823129     
       28.80               5.016308              41324             1390.080816     
       28.90               5.016308              41410             1354.343108     
       29.00               5.016308              41417             1475.807029     
       29.10               5.016308              41492             1337.608279     
       29.20               5.016308              41541             1243.172205     
       29.30               5.016308              41520             1144.934775     
       29.40               5.016308              41432             1084.990607     
       29.50               5.016308              41335             1190.756087     
       29.60               5.016308              41463             1276.519015     
       29.70               5.016308              41403             1138.019493     
       29.80               5.016308              41300              919.803251     
       29.90               5.016308              41173              943.505168     
       30.00               5.016308              41119             1086.519018     
       30.10               5.016308              41158              952.335174     
       30.20               5.016308              41264              992.700458     
       30.30               5.016308              41197             1088.685251     
       30.40               5.016308              41031             1028.690006     
       30.50               5.016308              41038              858.799059     
       30.60               5.016308              41064              973.611709     
       30.70               5.016308              41038             1141.525076     
       30.80               5.016308              40950             1177.099843     
       30.90               5.016308              40967             1097.395089     
       31.00               5.016308              40972              999.474679     
       31.10               5.016308              41010             1004.244148     
       31.20               5.016308              40820              990.126183     
       31.30               5.016308              40833             1107.192312     
       31.40               5.016308              40989             1118.066467     
       31.50               5.016308              41091             1451.414179     
       31.60               5.016308              41080             1198.219350     
       31.70               5.016308              41125             1320.301503     
       31.80               5.016308              41230             1361.259926     
       31.90               5.016308              41293             1373.822104     
       32.00               5.016308              41336             1191.560187     
       32.10               5.016308              41418             1322.585082     
       32.20               5.016308              41401             1450.989341     
       32.30               5.016308              41417             1307.997722     
       32.40               5.016308              41514             1292.588215     
       32.50               5.016308              41646             1048.267656     
       32.60               5.016308              41740             1092.247776     
       32.70               5.016308              41773             1058.087884     
       32.80               5.016308              41880              955.110431     
       32.90               5.016308              41942              856.300519     
       33.00               5.016308              41891              941.359466     
       33.10               5.016308              41766             1047.094634     
       33.20               5.016308              41739              959.819504     
       33.30               5.016308              41708             1004.793204     
       33.40               5.016308              41668             1039.127675     
       33.50               5.016308              41550              884.246762     
       33.60               5.016308              41413              925.466706     
       33.70               5.016308              41362              854.594750     
       33.80               5.016308              41332              972.302783     
       33.90               5.016308              41350              771.406524     
       34.00               5.016308              41350              815.180595     
       34.10               5.016308              41332              889.135772     
       34.20               5.016308              41334              877.991304     
       34.30               5.016308              41492              669.473114     
       34.40               5.016308              41456              905.249869     
       34.50               5.016308              41432              768.940039     
       34.60               5.016308              41348             1028.576270     
       34.70               5.016308              41385              914.810189     
       34.80               5.016308              41208              974.382013     
       34.90               5.016308              41023             1002.299000     
       35.00               5.016308              40930             1174.699711     
       35.10               5.016308              41085             1241.891982     
       35.20               5.016308              41160             1298.248441     
       35.30               5.016308              41251             1258.989868     
       35.40               5.016308              41336             1158.342450     
       35.50               5.016308              41304             1163.170206     
       35.60               5.016308              41309              938.652912     
       35.70               5.016308              41275              998.971609     
       35.80               5.016308              41233             1110.881998     
       35.90               5.016308              41252             1092.699132     
       36.00               5.016308              41383             1022.721886     
       36.10               5.016308              41321             1102.299018     
       36.20               5.016308              41415             1136.045806     
       36.30               5.016308              41496             1162.605113     
       36.40               5.016308              41496             1199.906870     
       36.50               5.016308              41554             1107.932382     
       36.60               5.016308              41639             1243.416927     
       36.70               5.016308              41691             1217.459263     
       36.80               5.016308              41641             1124.019339     
       36.90               5.016308              41478             1071.804293     
       37.00               5.016308              41336              977.118444     
       37.10               5.016308              41245              843.947782     
       37.20               5.016308              41115              895.571878     
       37.30               5.016308              41184             1006.729649     
       37.40               5.016308              41203              933.261678     
       37.50               5.016308              41138              802.153467     
       37.60               5.016308              41193              916.097554     
       37.70               5.016308              41060              896.799695     
       37.80               5.016308              41140              902.700744     
       37.90               5.016308              41215             1119.057052     
       38.00               5.016308              41186             1162.364673     
       38.10               5.016308              41014              997.729753     
       38.20               5.016308              40930             1194.555185     
       38.30               5.016308              40996             1145.534227     
       38.40               5.016308              40962             1264.317332     
       38.50               5.016308              41017             1043.733843     
       38.60               5.016308              41129             1079.191698     
       38.70               5.016308              41180             1173.597073     
       38.80               5.016308              41320             1218.717815     
       38.90               5.016308              41369             1141.170484     
       39.00               5.016308              41334             1117.340825     
       39.10               5.016308              41413             1206.726949     
       39.20               5.016308              41477             1198.336074     
       39.30               5.016308              41523             1303.287799     
       39.40               5.016308              41432             1211.340781     
       39.50               5.016308              41440             1249.878656     
       39.60               5.016308              41437             1238.688926     
       39.70               5.016308              41446             1347.588845     
       39.80               5.016308              41416             1332.531395     
       39.90               5.016308              41433             1083.672653     
       40.00               5.016308              41345             1164.207517     
       40.10               5.016308              41290              943.879695     
       40.20               5.016308              41294             1061.797070     
       40.30               5.016308              41294             1095.472032     
       40.40               5.016308              41314             1140.302535     
       40.50               5.016308              41344             1119.694874     
       40.60               5.016308              41361             1230.684645     
       40.70               5.016308              41372             1083.662518     
       40.80               5.016308              41318             1209.648146     
       40.90               5.016308              41244             1225.230997     
       41.00               5.016308              41353             1169.830435     
       41.10               5.016308              41313             1177.577651     
       41.20               5.016308              41184             1169.769243     
       41.30               5.016308              41187             1104.786594     
       41.40               5.016308              41393              967.659117     
       41.50               5.016308              41481             1007.156301     
       41.60               5.016308              41504             1108.974947     
       41.70               5.016308              41539             1120.277946     
       41.80               5.016308              41512             1061.911215     
       41.90               5.016308              41611             1180.611671     
       42.00               5.016308              41605             1182.073157     
       42.10               5.016308              41575             1120.622485     
       42.20               5.016308              41517             1282.481149     
       42.30               5.016308              41384             1181.671835     
       42.40               5.016308              41326             1110.269255     
       42.50               5.016308              41131             1079.693370     
       42.60               5.016308              41140              963.226278     
       42.70               5.016308              40966             1139.384294     
       42.80               5.016308              40946             1114.230488     
       42.90               5.016308              40937             1081.610664     
       43.00               5.016308              40959             1171.599080     
       43.10               5.016308              40902             1043.269829     
       43.20               5.016308              41019             1045.561140     
       43.30               5.016308              41129              951.369832     
       43.40               5.016308              41281              987.470943     
       43.50               5.016308              41345              904.261257     
       43.60               5.016308              41240              868.751727     
       43.70               5.016308              41320              959.495841     
       43.80               5.016308              41366             1005.544004     
       43.90               5.016308              41440              915.618666     
       44.00               5.016308              41568              906.992844     
       44.10               5.016308              41624             1086.381864     
       44.20               5.016308              41676              821.717618     
       44.30               5.016308              41656              753.087085     
       44.40               5.016308              41609              886.271383     
       44.50               5.016308              41492             1098.691827     
       44.60               5.016308              41359             1096.075647     
       44.70               5.016308              41236             1163.271476     
       44.80               5.016308              41227             1274.059061     
       44.90               5.016308              41357             1149.212717     
       45.00               5.016308              41214             1150.250736     
       45.10               5.016308              41181             1209.661171     
       45.20               5.016308              41099             1150.695981     
       45.30               5.016308              41154             1262.010195     
       45.40               5.016308              41186             1159.640597     
       45.50               5.016308              41243             1112.587037     
       45.60               5.016308              41363              921.043793     
       45.70               5.016308              41364             1130.889317     
       45.80               5.016308              41351             1124.827562     
       45.90               5.016308              41303              995.099462     
       46.00               5.016308              41339             1202.486331     
       46.10               5.016308              41418             1164.174450     
       46.20               5.016308              41345             1309.925089     
       46.30               5.016308              41261             1342.318319     
       46.40               5.016308              41281             1251.371981     
       46.50               5.016308              41339             1081.395899     
       46.60               5.016308              41257             1271.889236     
       46.70               5.016308              41206             1304.466760     
       46.80               5.016308              41348             1247.571000     
       46.90               5.016308              41331             1304.534810     
       47.00               5.016308              41371             1155.928139     
       47.10               5.016308              41445             1056.417161     
       47.20               5.016308              41567              841.999604     
       47.30               5.016308              41605              881.607691     
       47.40               5.016308              41649             1068.391276     
       47.50               5.016308              41706             1224.238738     
       47.60               5.016308              41745             1034.530902     
       47.70               5.016308              41663             1089.516161     
       47.80               5.016308              41680              943.115754     
       47.90               5.016308              41519             1017.363510     
       48.00               5.016308              41529             1212.504845     
       48.10               5.016308              41510             1120.368097     
       48.20               5.016308              41405             1147.534687     
       48.30               5.016308              41483              990.076728     
       48.40               5.016308              41381              903.888586     
       48.50               5.016308              41400              939.065740     
       48.60               5.016308              41313              931.939973     
       48.70               5.016308              41364              765.809292     
       48.80               5.016308              41433              844.634154     
       48.90               5.016308              41351              900.457654     
       49.00               5.016308              41176              954.521746     
       49.10               5.016308              41133              930.029403     
       49.20               5.016308              41227              948.907923     
       49.30               5.016308              41203             1032.896004     
       49.40               5.016308              41319             1024.670271     
       49.50               5.016308              41335             1088.995553     
       49.60               5.016308              41257             1132.717091     
       49.70               5.016308              41262             1266.961596     
       49.80               5.016308              41282             1156.725310     
       49.90               5.016308              41423             1178.646227     
       50.00               5.016308              41483             1186.692045     
       50.10               5.016308              41481             1126.678810     
       50.20               5.016308              41431             1079.325160     
       50.30               5.016308              41572             1157.184040     
       50.40               5.016308              41501             1223.167711     
       50.50               5.016308              41496             1195.201517     
       50.60               5.016308              41343             1193.079205     
       50.70               5.016308              41223             1201.593203     
       50.80               5.016308              41284             1275.645302     
       50.90               5.016308              41296             1298.109527     
       51.00               5.016308              41340             1526.199006     
       51.10               5.016308              41117             1533.567427     
       51.20               5.016308              41185             1373.910245     
       51.30               5.016308              41058             1374.840763     
       51.40               5.016308              41043             1394.145987     
       51.50               5.016308              41156             1317.900348     
       51.60               5.016308              41166             1177.868619     
       51.70               5.016308              41105             1161.186683     
       51.80               5.016308              41123             1128.150686     
       51.90               5.016308              41218              949.888296     
       52.00               5.016308              41086             1010.892963     
       52.10               5.016308              41042             1094.048946     
       52.20               5.016308              40867             1105.148191     
       52.30               5.016308              40925             1162.346549     
       52.40               5.016308              41011             1090.055563     
       52.50               5.016308              41065             1269.135211     
       52.60               5.016308              40998             1175.758950     
       52.70               5.016308              41128              958.767138     
       52.80               5.016308              41180             1109.898403     
       52.90               5.016308              41233             1010.641354     
       53.00               5.016308              41212             1131.919873     
       53.10               5.016308              41175             1010.404952     
       53.20               5.016308              41008              971.999232     
       53.30               5.016308              40887             1128.052429     
       53.40               5.016308              40821             1185.169515     
       53.50               5.016308              40928             1231.678833     
       53.60               5.016308              40897             1282.046294     
       53.70               5.016308              40763             1147.476764     
       53.80               5.016308              40799             1087.144166     
       53.90               5.016308              40742             1110.902681     
       54.00               5.016308              40691             1195.189116     
       54.10               5.016308              40700             1194.586462     
       54.20               5.016308              40781             1347.907938     
       54.30               5.016308              40637             1290.776514     
       54.40               5.016308              40528             1107.431792     
       54.50               5.016308              40503             1289.133220     
       54.60               5.016308              40604             1212.957690     
       54.70               5.016308              40707             1397.954648     
       54.80               5.016308              40934             1373.302600     
       54.90               5.016308              40935             1369.241140     
       55.00               5.016308              41130             1334.523591     
       55.10               5.016308              41212             1125.417006     
       55.20               5.016308              41299             1142.616502     
       55.30               5.016308              41291             1075.481650     
       55.40               5.016308              41364              833.928325     
       55.50               5.016308              41394             1114.675968     
       55.60               5.016308              41323             1136.068450     
       55.70               5.016308              41343              943.817852     
       55.80               5.016308              41315              978.031321     
       55.90               5.016308              41373             1003.070351     
       56.00               5.016308              41488             1039.628727     
       56.10               5.016308              41584             1161.328346     
       56.20               5.016308              41615             1160.840911     
       56.30               5.016308              41588             1182.439129     
       56.40               5.016308              41666             1053.262527     
       56.50               5.016308              41579              991.988679     
       56.60               5.016308              41464             1049.199239     
       56.70               5.016308              41547             1059.593624     
       56.80               5.016308              41545             1059.746612     
       56.90               5.016308              41548             1180.896726     
       57.00               5.016308              41467             1359.025118     
       57.10               5.016308              41282             1329.360007     
       57.20               5.016308              41225             1191.572384     
       57.30               5.016308              41165             1268.195097     
       57.40               5.016308              41233             1194.486184     
       57.50               5.016308              40986             1107.056088     
       57.60               5.016308              40781             1081.222623     
       57.70               5.016308              40575             1063.675311     
       57.80               5.016308              40724             1218.437122     
       57.90               5.016308              40725             1236.221070     
       58.00               5.016308              40843             1095.125336     
       58.10               5.016308              40794             1182.595076     
       58.20               5.016308              40826             1116.207428     
       58.30               5.016308              40972             1010.681257     
       58.40               5.016308              41089             1025.632395     
       58.50               5.016308              41214             1230.692695     
       58.60               5.016308              41426             1294.992382     
       58.70               5.016308              41552             1155.932240     
       58.80               5.016308              41580             1269.362971     
       58.90               5.016308              41698             1263.103699     
       59.00               5.016308              41590             1308.417030     
       59.10               5.016308              41457             1210.699499     
       59.20               5.016308              41272             1003.471533     
       59.30               5.016308              41213             1027.012604     
       59.40               5.016308              41024             1042.513230     
       59.50               5.016308              40985              962.268419     
       59.60               5.016308              41044             1090.718476     
       59.70               5.016308              41094              838.102680     
       59.80               5.016308              41052              889.961236     
       59.90               5.016308              41038              733.296307     
       60.00               5.016308              41061              894.040990     
       60.10               5.016308              41100              958.265707     
       60.20               5.016308              41165              772.231684     
       60.30               5.016308              41272              838.572756     
       60.40               5.016308              41365              929.037998     
       60.50               5.016308              41362              942.509572     
       60.60               5.016308              41350             1058.440265     
       60.70               5.016308              41326             1042.545198     
       60.80               5.016308              41222             1072.629016     
       60.90               5.016308              41142             1160.397293     
       61.00               5.016308              41203             1054.522898     
       61.10               5.016308              41190             1089.996072     
       61.20               5.016308              41356             1025.161438     
       61.30               5.016308              41300              896.507979     
       61.40               5.016308              41320             1019.021526     
       61.50               5.016308              41216              840.418476     
       61.60               5.016308              41205             1058.611615     
       61.70               5.016308              41202              982.067690     
       61.80               5.016308              41245             1160.735546     
       61.90               5.016308              41261             1138.332253     
       62.00               5.016308              41342             1163.241127     
       62.10               5.016308              41344             1159.266503     
       62.20               5.016308              41260             1178.999896     
       62.30               5.016308              41230             1096.430644     
       62.40               5.016308              41081             1088.888171     
       62.50               5.016308              41056             1147.349139     
       62.60               5.016308              41196             1002.372828     
       62.70               5.016308              41206              981.001077     
       62.80               5.016308              41271              974.949099     
       62.90               5.016308              41251              984.815505     
       63.00               5.016308              41083              910.941373     
       63.10               5.016308              41079             1000.821657     
       63.20               5.016308              41021             1028.617356     
       63.30               5.016308              41070              934.482400     
       63.40               5.016308              41169              897.729335     
       63.50               5.016308              41153             1013.084113     
       63.60               5.016308              41068             1051.002160     
       63.70               5.016308              40996             1068.361083     
       63.80               5.016308              41027              953.235285     
       63.90               5.016308              40949             1048.695934     
       64.00               5.016308              40801             1079.899573     
       64.10               5.016308              40778             1172.943543     
       64.20               5.016308              40770             1159.876704     
       64.30               5.016308              40988             1148.155341     
       64.40               5.016308              40876             1136.925986     
       64.50               5.016308              40929             1004.784984     
       64.60               5.016308              40888              998.431216     
       64.70               5.016308              40770             1028.049654     
       64.80               5.016308              40641             1077.034526     
       64.90               5.016308              40626             1268.417330     
       65.00               5.016308              40813             1236.932932     
       65.10               5.016308              40966             1196.556917     
       65.20               5.016308              41128             1061.363272     
       65.30               5.016308              41181             1020.318656     
       65.40               5.016308              41233              971.444580     
       65.50               5.016308              41235             1134.727616     
       65.60               5.016308              41098              953.370967     
       65.70               5.016308              40957              922.714745     
       65.80               5.016308              40937             1058.326272     
       65.90               5.016308              40848             1079.726507     
       66.00               5.016308              40725             1095.796947     
       66.10               5.016308              40678             1224.929104     
       66.20               5.016308              40620             1167.514141     
       66.30               5.016308              40558             1192.336063     
       66.40               5.016308              40581             1096.595863     
       66.50               5.016308              40703             1103.274843     
       66.60               5.016308              40875             1000.459669     
       66.70               5.016308              40870              989.527726     
       66.80               5.016308              40970              992.552250     
       66.90               5.016308              41114              944.891133     
       67.00               5.016308              41114             1075.986146     
       67.10               5.016308              41286             1081.810980     
       67.20               5.016308              41367             1104.468317     
       67.30               5.016308              41465             1212.527254     
       67.40               5.016308              41578             1063.043008     
       67.50               5.016308              41622              929.347859     
       67.60               5.016308              41549              927.780107     
       67.70               5.016308              41492             1143.990322     
       67.80               5.016308              41432             1052.710831     
       67.90               5.016308              41475             1132.536163     
       68.00               5.016308              41425             1118.059476     
       68.10               5.016308              41483             1133.449090     
       68.20               5.016308              41579             1148.334493     
       68.30               5.016308              41587             1103.449779     
       68.40               5.016308              41560             1196.106097     
       68.50               5.016308              41485             1012.837113     
       68.60               5.016308              41552             1032.806783     
       68.70               5.016308              41511             1098.292018     
       68.80               5.016308              41361             1349.064409     
       68.90               5.016308              41356             1293.353033     
       69.00               5.016308              41364             1170.792143     
       69.10               5.016308              41287             1255.173380     
       69.20               5.016308              41269             1202.142883     
       69.30               5.016308              41229             1177.426131     
       69.40               5.016308              41296             1157.334211     
       69.50               5.016308              41194             1047.562358     
       69.60               5.016308              41267              999.675533     
       69.70               5.016308              41179             1145.733576     
       69.80               5.016308              41266             1272.605630     
       69.90               5.016308              41315             1212.386063     
       70.00               5.016308              41258             1277.171289     
       70.10               5.016308              41161             1173.552974     
       70.20               5.016308              41154             1192.885535     
       70.30               5.016308              41110             1152.513362     
       70.40               5.016308              41145             1251.884715     
       70.50               5.016308              41077             1084.592850     
       70.60               5.016308              41094              992.170661     
       70.70               5.016308              41129             1028.452183     
       70.80               5.016308              41242             1067.279252     
       70.90               5.016308              41197             1345.006965     
       71.00               5.016308              41135             1368.989118     
       71.10               5.016308              41199             1343.415351     
       71.20               5.016308              41268             1323.547237     
       71.30               5.016308              41221             1220.356798     
       71.40               5.016308              41124             1247.642591     
       71.50               5.016308              41129             1461.644220     
       71.60               5.016308              41261             1308.835790     
       71.70               5.016308              41322             1279.041359     
       71.80               5.016308              41354             1341.129489     
       71.90               5.016308              41346             1308.674839     
       72.00               5.016308              41353             1233.750201     
       72.10               5.016308              41423             1226.426285     
       72.20               5.016308              41429             1129.045766     
       72.30               5.016308              41300             1135.445516     
       72.40               5.016308              41264              907.452603     
       72.50               5.016308              41203             1081.524032     
       72.60               5.016308              41199             1078.111714     
       72.70               5.016308              41264              915.567456     
       72.80               5.016308              41351             1074.023275     
       72.90               5.016308              41366             1161.943709     
       73.00               5.016308              41227              965.689753     
       73.10               5.016308              41107              947.959905     
       73.20               5.016308              41106              973.929133     
       73.30               5.016308              41056             1065.005308     
       73.40               5.016308              41142             1020.284738     
       73.50               5.016308              41252             1308.751356     
       73.60               5.016308              41280             1339.717517     
       73.70               5.016308              41423             1342.537029     
       73.80               5.016308              41430             1302.672736     
       73.90               5.016308              41447             1262.455392     
       74.00               5.016308              41332             1182.508762     
       74.10               5.016308              41303             1198.555817     
       74.20               5.016308              41284             1217.775562     
       74.30               5.016308              41268             1161.500561     
       74.40               5.016308              41257             1137.478356     
       74.50               5.016308              41215             1075.332554     
       74.60               5.016308              41114             1211.752999     
       74.70               5.016308              40985             1031.605525     
       74.80               5.016308              40970              963.846671     
       74.90               5.016308              41049             1174.073847     
       75.00               5.016308              41061             1122.586064     
       75.10               5.016308              41039             1144.720528     
       75.20               5.016308              41100             1084.524740     
       75.30               5.016308              41274             1199.156424     
       75.40               5.016308              41236             1148.123538     
       75.50               5.016308              41302             1108.087819     
       75.60               5.016308              41429             1110.489571     
       75.70               5.016308              41378             1130.058118     
       75.80               5.016308              41329             1167.951208     
       75.90               5.016308              41308             1207.528695     
       76.00               5.016308              41184             1311.428961     
       76.10               5.016308              41110             1371.127490     
       76.20               5.016308              40971             1429.198933     
       76.30               5.016308              40913             1362.443492     
       76.40               5.016308              40702             1148.631347     
       76.50               5.016308              40607             1210.680412     
       76.60               5.016308              40743             1137.436070     
       76.70               5.016308              40843             1140.437547     
       76.80               5.016308              41024             1069.573409     
       76.90               5.016308              41060             1082.301295     
       77.00               5.016308              41132             1194.443847     
       77.10               5.016308              41179             1198.863055     
       77.20               5.016308              41265             1195.301914     
       77.30               5.016308              41335             1260.271794     
       77.40               5.016308              41396             1323.961286     
       77.50               5.016308              41297             1145.736295     
       77.60               5.016308              41443             1124.803585     
       77.70               5.016308              41308             1178.438232     
       77.80               5.016308              41344             1189.411998     
       77.90               5.016308              41440             1123.468972     
       78.00               5.016308              41478             1108.965906     
       78.10               5.016308              41502             1216.507350     
       78.20               5.016308              41607             1202.125622     
       78.30               5.016308              41598             1011.115289     
       78.40               5.016308              41547             1193.156372     
       78.50               5.016308              41513             1162.811850     
       78.60               5.016308              41515             1284.455869     
       78.70               5.016308              41465             1350.568576     
       78.80               5.016308              41366             1435.996550     
       78.90               5.016308              41323             1429.896214     
       79.00               5.016308              41401             1238.893872     
       79.10               5.016308              41513             1215.940067     
       79.20               5.016308              41520             1365.655206     
       79.30               5.016308              41607             1126.103119     
       79.40               5.016308              41438             1165.546846     
       79.50               5.016308              41401             1128.293370     
       79.60               5.016308              41432             1118.332303     
       79.70               5.016308              41435             1166.156069     
       79.80               5.016308              41567             1209.344045     
       79.90               5.016308              41482             1097.418751     
       80.00               5.016308              41528             1212.438423     
       80.10               5.016308              41420             1123.155857     
       80.20               5.016308              41236             1069.318688     
       80.30               5.016308              41203             1181.834564     
       80.40               5.016308              41170             1122.587478     
       80.50               5.016308              41173             1113.905677     
       80.60               5.016308              41132             1260.798328     
       80.70               5.016308              41113             1229.842205     
       80.80               5.016308              41067             1279.171508     
       80.90               5.016308              41008             1242.843755     
       81.00               5.016308              40888             1324.211336     
       81.10               5.016308              40867             1184.973094     
       81.20               5.016308              40846             1365.717911     
       81.30               5.016308              40847             1259.586754     
       81.40               5.016308              40824             1307.985540     
       81.50               5.016308              40855             1332.475902     
       81.60               5.016308              40840             1471.594839     
       81.70               5.016308              40881             1324.376543     
       81.80               5.016308              41132             1146.242762     
       81.90               5.016308              41089             1100.356080     
       82.00               5.016308              41236             1119.265452     
       82.10               5.016308              41283             1138.371487     
       82.20               5.016308              41432             1143.161941     
       82.30               5.016308              41457             1039.538781     
       82.40               5.016308              41410              989.935401     
       82.50               5.016308              41353              868.375312     
       82.60               5.016308              41314              869.966163     
       82.70               5.016308              41174              911.284968     
       82.80               5.016308              41191             1033.240622     
       82.90               5.016308              41012             1018.393905     
       83.00               5.016308              41063             1119.662060     
       83.10               5.016308              41076             1125.207832     
       83.20               5.016308              41120             1266.501836     
       83.30               5.016308              41007             1261.398582     
       83.40               5.016308              40948             1433.800864     
       83.50               5.016308              40996             1387.360705     
       83.60               5.016308              41001             1195.610867     
       83.70               5.016308              40915             1164.464115     
       83.80               5.016308              41003             1262.963919     
       83.90               5.016308              41004             1149.241964     
       84.00               5.016308              41047             1332.041881     
       84.10               5.016308              41036             1317.374117     
       84.20               5.016308              41190             1239.048149     
       84.30               5.016308              41217             1260.305742     
       84.40               5.016308              41311             1144.704635     
       84.50               5.016308              41314             1191.293039     
       84.60               5.016308              41290             1293.215221     
       84.70               5.016308              41117             1493.321269     
       84.80               5.016308              40963             1253.182319     
       84.90               5.016308              40839             1217.423207     
       85.00               5.016308              40814             1320.984776     
       85.10               5.016308              40735             1313.103521     
       85.20               5.016308              40862             1106.040270     
       85.30               5.016308              40962             1362.262258     
       85.40               5.016308              40844             1362.327683     
       85.50               5.016308              40795             1211.805063     
       85.60               5.016308              40894             1333.739594     
       85.70               5.016308              40903             1531.190107     
       85.80               5.016308              40857             1381.585778     
       85.90               5.016308              40875             1438.547148     
       86.00               5.016308              40865             1395.156642     
       86.10               5.016308              40861             1260.436219     
       86.20               5.016308              40891             1421.116405     
       86.30               5.016308              40989             1173.955506     
       86.40               5.016308              41081             1042.841809     
       86.50               5.016308              41038             1019.270161     
       86.60               5.016308              41190              942.527676     
       86.70               5.016308              41215             1030.450099     
       86.80               5.016308              41284             1080.908200     
       86.90               5.016308              41225              803.198955     
       87.00               5.016308              41230              917.402561     
       87.10               5.016308              41234             1071.627964     
       87.20               5.016308              41213             1072.258582     
       87.30               5.016308              41179             1011.859490     
       87.40               5.016308              41213             1053.443575     
       87.50               5.016308              41198             1029.530505     
       87.60               5.016308              41103              996.236820     
       87.70               5.016308              41106             1024.774463     
       87.80               5.016308              41147              969.385324     
       87.90               5.016308              41131             1007.052390     
       88.00               5.016308              41086             1011.568438     
       88.10               5.016308              41127              975.380679     
       88.20               5.016308              41161              801.287070     
       88.30               5.016308              41209              939.613852     
       88.40               5.016308              41157             1095.659669     
       88.50               5.016308              41103             1124.102258     
       88.60               5.016308              41146             1260.277679     
       88.70               5.016308              41245             1202.674613     
       88.80               5.016308              41364             1264.542118     
       88.90               5.016308              41444             1060.911587     
       89.00               5.016308              41430             1163.546084     
       89.10               5.016308              41466             1202.127285     
       89.20               5.016308              41564             1263.562845     
       89.30               5.016308              41588             1196.496416     
       89.40               5.016308              41532             1039.746878     
       89.50               5.016308              41554             1003.226993     
       89.60               5.016308              41563             1186.753666     
       89.70               5.016308              41442             1146.720593     
       89.80               5.016308              41411             1093.442853     
       89.90               5.016308              41145             1163.498441     
       90.00               5.016308              41099             1166.933032     
       90.10               5.016308              41246             1129.221236     
       90.20               5.016308              41224              999.161946     
       90.30               5.016308              41203             1145.128886     
       90.40               5.016308              41289             1172.660615     
       90.50               5.016308              41108             1148.283014     
       90.60               5.016308              41043             1205.504342     
       90.70               5.016308              41150             1234.928803     
       90.80               5.016308              41149             1255.794115     
       90.90               5.016308              41315             1102.529255     
       91.00               5.016308              41293             1035.858409     
       91.10               5.016308              41376             1169.247616     
       91.20               5.016308              41426              993.201395     
       91.30               5.016308              41573             1210.513602     
       91.40               5.016308              41530             1155.646897     
       91.50               5.016308              41578             1132.680162     
       91.60               5.016308              41479             1025.973845     
       91.70               5.016308              41470              888.085704     
       91.80               5.016308              41448              961.487979     
       91.90               5.016308              41369             1003.616282     
       92.00               5.016308              41319             1015.902356     
       92.10               5.016308              41347             1096.710730     
       92.20               5.016308              41276             1142.679691     
       92.30               5.016308              41100             1344.289329     
       92.40               5.016308              41114             1217.519942     
       92.50               5.016308              41075             1180.565482     
       92.60               5.016308              41107             1241.020102     
       92.70               5.016308              40963             1317.263782     
       92.80               5.016308              41022             1174.893916     
       92.90               5.016308              41066             1229.735707     
       93.00               5.016308              41059             1133.549057     
       93.10               5.016308              41159             1211.560569     
       93.20               5.016308              41165             1145.789920     
       93.30               5.016308              41204             1135.391811     
       93.40               5.016308              41182             1079.962809     
       93.50               5.016308              41120             1123.323522     
       93.60               5.016308              41108             1133.369632     
       93.70               5.016308              41086             1176.073346     
       93.80               5.016308              41032             1192.194182     
       93.90               5.016308              41027             1001.175481     
       94.00               5.016308              41138             1105.555794     
       94.10               5.016308              41090             1198.406812     
       94.20               5.016308              41071             1194.915233     
       94.30               5.016308              40899             1140.084285     
       94.40               5.016308              40826             1108.528498     
       94.50               5.016308              40594             1197.058600     
       94.60               5.016308              40451             1151.811660     
       94.70               5.016308              40407             1068.063071     
       94.80               5.016308              40577             1269.355685     
       94.90               5.016308              40618             1291.133246     
       95.00               5.016308              40730             1190.472841     
       95.10               5.016308              40833             1222.145060     
       95.20               5.016308              40964             1243.699096     
       95.30               5.016308              40996             1122.087184     
       95.40               5.016308              41264             1280.337922     
       95.50               5.016308              41177             1100.975695     
       95.60               5.016308              41205             1399.701735     
       95.70               5.016308              41260             1392.196973     
       95.80               5.016308              41330             1360.891524     
       95.90               5.016308              41322             1298.985665     
       96.00               5.016308              41308             1211.891765     
       96.10               5.016308              41359             1258.038276     
       96.20               5.016308              41433             1291.595800     
       96.30               5.016308              41393             1094.262481     
       96.40               5.016308              41280             1197.457217     
       96.50               5.016308              41387             1211.728776     
       96.60               5.016308              41373             1355.039677     
       96.70               5.016308              41181             1273.136929     
       96.80               5.016308              41156             1316.706899     
       96.90               5.016308              40987             1176.037996     
       97.00               5.016308              41039              914.961885     
       97.10               5.016308              40922              998.316357     
       97.20               5.016308              40837             1118.029511     
       97.30               5.016308              40789             1046.451180     
       97.40               5.016308              40838             1001.429530     
       97.50               5.016308              40780             1028.048800     
       97.60               5.016308              40775             1143.529364     
       97.70               5.016308              40839             1151.216044     
       97.80               5.016308              40956             1179.477323     
       97.90               5.016308              41009             1169.227413     
       98.00               5.016308              41062             1062.291059     
       98.10               5.016308              41148             1036.616820     
       98.20               5.016308              41116             1041.190621     
       98.30               5.016308              41278             1043.696691     
       98.40               5.016308              41451              947.564647     
       98.50               5.016308              41520              893.423220     
       98.60               5.016308              41679              821.635353     
       98.70               5.016308              41694              977.143776     
       98.80               5.016308              41752              687.722618     
       98.90               5.016308              41837              840.419927     
       99.00               5.016308              41824              858.894601     
       99.10               5.016308              41621              955.634458     
       99.20               5.016308              41649             1042.287528     
       99.30               5.016308              41641              997.726697     
       99.40               5.016308              41616              850.208405     
       99.50               5.016308              41585              898.224866     
       99.60               5.016308              41506              827.082430     
       99.70               5.016308              41440              997.104671     
       99.80               5.016308              41491              999.615983     
