      tauB          sizeBin        clust_size       Na_bulk         Nb_bulk        NBin_bulk         Na_gas          Nb_gas         NBin_gas         Na_int          Nb_int         NBin_int         Na_bub          Nb_bub         NBin_bub   
      0.00          5.025009         76684           28409           28392            1453           10726           10887            2952           10865           10721            779              0               0               0       
      0.10          5.025009         77140           28178           28208            1431           10383           10200            2862           10799           10954            855             640             638              36      
      0.20          5.025009         77259           26023           26093            1313           10000            9460            2779           12463           12975            990             1514            1472            102      
      0.30          5.025009         76702           21301           21543            1062           10589            9604            2848           15775           16562            1102            2335            2291            172      
      0.40          5.025009         76430           16797           17014            820            10459            9356            2759           20654           21629            1457            2090            2001            148      
      0.50          5.025009         75969           13178           13236            634             9875            8608            2563           26184           27475            1776            763             681             211      
      0.60          5.025009         75116           13611           13807            653            10389            8977            2654           25218           26548            1673            782             668             204      
      0.70          5.025009         74625           14202           14324            669            11535            9567            2818           23594           25472            1507            669             637             190      
      0.80          5.025009         74331           14310           14500            673            12100            9878            2882           23016           25114            1466            574             508             163      
      0.90          5.025009         73810           12081           12148            561            11600            9250            2699           25131           27516            1605            1188            1086            319      
      1.00          5.025009         73257           10527           10564            485            12465            9814            2785           25849           28602            1600            1159            1020            314      
      1.10          5.025009         72749           11362           11352            520            12293            9714            2767           25240           27911            1587            1105            1023            310      
      1.20          5.025009         72509           11563           11596            528            13169           10024            2839           23995           27152            1518            1273            1228            299      
      1.30          5.025009         72185           13323           13381            608            13141            9827            2742           18707           22244            1224            4829            4548            610      
      1.40          5.025009         72033           13308           13400            608            13898           10338            2911           21795           25286            1396            999             976             269      
      1.50          5.025009         71541           13684           14006            629            15051           11189            3091           17740           21502            1172            3525            3303            292      
      1.60          5.025009         70924           13430           13654            616            15620           11404            3154           20593           24604            1316            357             338              98      
      1.70          5.025009         70483           12950           13457            598            14743           10589            2890           20898           24711            1340            1409            1243            356      
      1.80          5.025009         70634           13215           13387            602            15201           10768            2880           20041           24381            1281            1543            1464            421      
      1.90          5.025009         70245           14448           14905            665            15525           11216            3028           14649           19018            1041            5378            4861            450      
      2.00          5.025009         70146           14990           15220            688            16178           11466            3062           13649           18383            981             5183            4931            453      
      2.10          5.025009         69504           16691           17060            772            16759           11894            3118           12844           17671            915             3706            3375            379      
      2.20          5.025009         69525           17019           17402            789            16926           11809            3060           12820           17778            948             3235            3011            387      
      2.30          5.025009         69174           17405           17721            804            17333           12166            3172           12729           17818            926             2533            2295            282      
      2.40          5.025009         68632           16963           17085            777            16711           11679            3035           13136           18384            950             3190            2852            422      
      2.50          5.025009         67465           17756           17819            810            18487           12905            3351           12150           17596            891             1607            1680            132      
      2.60          5.025009         67887           16682           17142            766            17909           12331            3237           12528           17875            910             2881            2652            271      
      2.70          5.025009         67457           17159           17403            781            19037           12979            3376           11417           17223            841             2387            2395            186      
      2.80          5.025009         67613           16903           17087            765            18829           12767            3317           11770           17553            872             2498            2593            230      
      2.90          5.025009         67832           17046           17271            770            19411           13065            3377           11432           17430            849             2111            2234            188      
      3.00          5.025009         67037           17286           17409            776            19464           13176            3390           11238           17283            849             2012            2132            169      
      3.10          5.025009         66778           18132           18529            821            19391           13084            3342           11006           16921            835             1471            1466            186      
      3.20          5.025009         66917           17163           17690            779            18387           12315            3189           11924           17669            909             2526            2326            307      
      3.30          5.025009         67096           18065           18684            824            19877           13227            3404           10380           16752            795             1678            1337            161      
      3.40          5.025009         66685           18183           18816            829            20706           13751            3498           10161           16667            789             950             766              68      
      3.50          5.025009         65749           17606           18295            804            19727           13073            3328           10882           17053            844             1785            1579            208      
      3.60          5.025009         66241           18495           19171            845            20267           13628            3435           10495           16641            824             743             560              80      
      3.70          5.025009         66148           19245           19840            878            19947           13217            3367           10038           16335            789             770             608             150      
      3.80          5.025009         65311           18128           18464            821            18396           12328            3160           11819           17869            919             1657            1339            284      
      3.90          5.025009         65568           18322           18907            834            19362           12774            3268           11377           17504            908             939             815             174      
      4.00          5.025009         66294           18625           19399            851            19482           12585            3220           10877           17029            850             1016            987             263      
      4.10          5.025009         65895           18314           18902            832            19627           12650            3225           10967           17503            857             1092            945             270      
      4.20          5.025009         66259           18234           18923            831            20514           13333            3441           10987           17513            853             265             231              59      
      4.30          5.025009         66239           18190           18869            827            20997           13492            3454           10281           17274            812             532             365              91      
      4.40          5.025009         65128           18207           18889            828            20093           12930            3325           11017           17546            872             683             635             159      
      4.50          5.025009         65452           18562           19551            853            21351           13628            3430            9510           16365            762             577             456             139      
      4.60          5.025009         66401           17567           18189            800            20158           12732            3258           11170           18101            861             1105            978             265      
      4.70          5.025009         66597           18496           19338            845            22146           14037            3568            9302           16571            757              56              54              14      
      4.80          5.025009         65801           18271           18986            831            21541           13680            3504           10128           17279            832              60              55              17      
      4.90          5.025009         66252           18034           18841            821            21609           13680            3458            9509           16916            770             848             563             135      
      5.00          5.025009         65603           18092           18904            823            22468           14070            3534            9193           16754            755             247             272              72      
      5.10          5.025009         65289           18201           19047            829            22064           13918            3531            9623           16932            797             112             103              27      
      5.20          5.025009         64371           17261           17820            781            20940           13102            3323           10793           18313            872             1006            765             208      
      5.30          5.025009         64374           16832           17532            766            22061           13604            3415           10014           17981            811             1093            883             192      
      5.40          5.025009         64616           17880           18664            814            22676           14187            3571            9281           17057            784             163              92              15      
      5.50          5.025009         65741           17579           18112            795            22685           14067            3536            9604           17684            818             132             137              35      
      5.60          5.025009         65617           17621           18138            796            21815           13557            3393            9722           17746            833             842             559             162      
      5.70          5.025009         64479           17513           18017            790            23279           14506            3564            9002           17330            784             206             147              46      
      5.80          5.025009         64784           17344           17837            782            21895           13527            3297            9460           17545            812             1301            1091            293      
      5.90          5.025009         61915           17688           18300            801            23738           14892            3599            8290           16597            736             284             211              48      
      6.00          5.025009         62366           17588           18216            798            24133           15116            3631            8028           16468            713             251             200              42      
      6.10          5.025009         62849           17372           18124            792            23881           15035            3601            8448           16632            739             299             209              52      
      6.20          5.025009         63424           16574           17200            752            23437           14747            3576            9521           17649            812             468             404              44      
      6.30          5.025009         62566           16463           17223            749            24403           15334            3618            8369           16727            733             765             716              84      
      6.40          5.025009         61993           17131           18020            780            24632           15523            3643            7987           16256            717             250             201              44      
      6.50          5.025009         60448           16934           17800            770            23620           14991            3561            8988           16943            789             458             266              64      
      6.60          5.025009         61287           16979           17908            775            23962           15134            3584            8620           16658            758             439             300              67      
      6.70          5.025009         61317           17114           18095            783            25519           16067            3726            7367           15838            675              0               0               0       
      6.80          5.025009         62671           16901           17786            772            25347           15933            3710            7752           16281            702              0               0               0       
      6.90          5.025009         61838           16749           17652            764            25288           15923            3697            7830           16346            705             133              79              18      
      7.00          5.025009         61566           15952           16848            728            24793           15605            3601            8584           16922            758             671             625              97      
      7.10          5.025009         61916           15726           16572            717            24829           15584            3612            8517           17032            752             928             812             103      
      7.20          5.025009         61992           15594           16051            702            24123           15091            3430            9043           17747            802             1240            1111            250      
      7.30          5.025009         59853           16225           17013            737            25199           16081            3652            8400           16796            767             176             110              28      
      7.40          5.025009         59802           16485           17292            748            26234           16598            3742            7281           16110            694              0               0               0       
      7.50          5.025009         59519           15938           16494            719            24540           15444            3488            8337           17016            767             1185            1046            210      
      7.60          5.025009         59492           15709           16398            712            24441           15441            3525            9112           17628            812             738             533             135      
      7.70          5.025009         59729           16075           16810            729            25023           15674            3563            8423           17072            769             479             444             123      
      7.80          5.025009         60518           16097           16837            729            25822           16158            3683            7914           16850            733             167             155              39      
      7.90          5.025009         59717           16042           16905            730            25639           16015            3668            8043           16860            741             276             220              45      
      8.00          5.025009         60743           15528           16057            700            25040           15705            3553            8420           17407            776             1012            831             155      
      8.10          5.025009         59470           15795           16215            711            25456           15877            3618            8486           17644            782             263             264              73      
      8.20          5.025009         59710           16218           16829            735            26053           16168            3673            7506           16794            723             223             209              53      
      8.30          5.025009         58842           15689           16104            706            26492           16474            3710            7616           17231            725             203             191              43      
      8.40          5.025009         59846           15442           16007            697            26938           16940            3747            7445           16891            707             175             162              33      
      8.50          5.025009         58703           15137           15596            679            26511           16662            3664            7854           17185            748             498             557              93      
      8.60          5.025009         59067           15816           16626            717            26515           16819            3693            7417           16373            720             252             182              54      
      8.70          5.025009         58230           15946           16839            724            26315           16660            3662            7464           16248            725             275             253              73      
      8.80          5.025009         57132           16145           17168            734            27009           17085            3756            6726           15633            667             120             114              27      
      8.90          5.025009         57559           15449           15991            691            26602           16860            3716            7294           16633            704             655             516              73      
      9.00          5.025009         56273           14823           15323            662            26308           16580            3624            7703           17022            746             1166            1075            152      
      9.10          5.025009         57015           15441           15958            690            27091           17286            3737            7293           16577            715             175             179              42      
      9.20          5.025009         55471           15286           15741            682            27135           17361            3754            7421           16786            722             158             112              26      
      9.30          5.025009         55754           15148           15670            679            26668           17130            3698            7790           16909            743             394             291              64      
      9.40          5.025009         56712           14912           15178            663            27261           17376            3733            7487           17133            717             340             313              71      
      9.50          5.025009         56673           14511           14697            643            26992           17345            3709            7946           17563            752             551             395              80      
      9.60          5.025009         55710           14694           15074            654            28042           18066            3823            7204           16813            693              60              47              14      
      9.70          5.025009         56679           14864           15367            662            28212           18235            3841            6863           16352            665              61              46              16      
      9.80          5.025009         55318           14691           15102            653            27749           17914            3812            7560           16984            719              0               0               0       
      9.90          5.025009         55107           14507           14843            643            27788           17934            3808            7705           17223            733              0               0               0       
     10.00          5.025009         54981           14326           14662            634            27351           17748            3769            8183           17501            767             140              89              14      
     10.10          5.025009         55757           14453           14810            639            28004           18019            3824            7543           17171            721              0               0               0       
     10.20          5.025009         55540           14337           14536            630            28099           17999            3827            7564           17465            727              0               0               0       
     10.30          5.025009         55895           14318           14617            632            27407           17580            3748            7982           17566            765             293             237              39      
     10.40          5.025009         55851           14775           15286            659            28518           18348            3857            6707           16366            668              0               0               0       
     10.50          5.025009         54953           15378           16305            697            28831           18485            3875            5791           15210            612              0               0               0       
     10.60          5.025009         55871           14795           15098            659            28087           18025            3789            7002           16758            706             116             119              30      
     10.70          5.025009         55309           15175           16074            691            28734           18420            3861            6091           15506            632              0               0               0       
     10.80          5.025009         54917           14717           15318            666            28408           18206            3831            6875           16476            687              0               0               0       
     10.90          5.025009         55493           14352           14941            650            28246           18114            3806            7326           16871            715              76              74              13      
     11.00          5.025009         56485           14237           14785            642            28272           17953            3777            7336           17085            725             155             177              40      
     11.10          5.025009         55934           14272           14708            640            27877           17775            3717            7467           17133            730             384             384              97      
     11.20          5.025009         54579           14225           14849            642            28296           18082            3802            7414           17016            724              65              53              16      
     11.30          5.025009         54569           14052           14742            636            28176           18068            3793            7523           17039            728             249             151              27      
     11.40          5.025009         54486           14439           15324            657            28711           18348            3813            6671           16184            678             179             144              36      
     11.50          5.025009         55105           14354           15324            656            28858           18329            3831            6727           16263            681              61              84              16      
     11.60          5.025009         54804           13940           14817            635            28699           18248            3811            7228           16809            704             133             126              34      
     11.70          5.025009         53621           13688           14346            618            28771           18221            3813            7452           17340            729              89              93              24      
     11.80          5.025009         55905           13991           14958            637            29306           18589            3876            6703           16453            671              0               0               0       
     11.90          5.025009         55377           14375           15860            664            29824           18907            3917            5801           15233            603              0               0               0       
     12.00          5.025009         53948           13684           14765            624            29216           18628            3863            7034           16569            687              66              38              10      
     12.10          5.025009         54999           13672           14613            619            29514           18731            3888            6814           16656            677              0               0               0       
     12.20          5.025009         53779           13681           14913            626            29482           18728            3883            6837           16359            675              0               0               0       
     12.30          5.025009         53571           13682           14771            622            29892           19082            3914            6426           16147            648              0               0               0       
     12.40          5.025009         52587           13613           14529            615            29330           18738            3858            6989           16670            697              68              63              14      
     12.50          5.025009         52852           13730           14724            622            29422           18742            3856            6723           16404            677             125             130              29      
     12.60          5.025009         51748           13687           14734            622            29364           18678            3857            6885           16524            690              64              64              15      
     12.70          5.025009         52950           13899           15013            634            29057           18511            3827            6850           16354            696             194             122              27      
     12.80          5.025009         53265           13945           15206            642            28633           18256            3787            7124           16371            718             298             167              37      
     12.90          5.025009         53262           13749           14931            633            29036           18324            3823            7136           16667            710              79              78              18      
     13.00          5.025009         54059           13405           14369            613            28346           17794            3756            7975           17631            765             274             206              50      
     13.10          5.025009         53752           13415           14266            609            29011           18127            3823            7509           17529            735              65              78              17      
     13.20          5.025009         54167           13628           14861            626            28746           17954            3789            7289           16919            720             337             266              49      
     13.30          5.025009         53538           13639           15001            628            29098           18127            3825            7198           16809            713              65              63              18      
     13.40          5.025009         53496           13477           14892            622            29152           18172            3837            7371           16936            725              0               0               0       
     13.50          5.025009         54364           13548           14951            625            28999           18049            3818            7297           16902            724             156              98              17      
     13.60          5.025009         54791           13360           14888            621            28992           18069            3807            7554           16974            743              94              69              13      
     13.70          5.025009         53314           13512           15090            630            29211           18240            3832            7277           16670            722              0               0               0       
     13.80          5.025009         54124           13183           14859            618            28165           17591            3750            8542           17473            804             110              77              12      
     13.90          5.025009         53496           13543           15340            637            28923           17958            3815            7534           16702            732              0               0               0       
     14.00          5.025009         52263           13761           15633            648            28757           17782            3791            7238           16436            714             244             149              31      
     14.10          5.025009         52101           13789           15415            642            29725           18424            3880            6486           16161            662              0               0               0       
     14.20          5.025009         53767           13473           14929            622            29515           18343            3863            7012           16728            699              0               0               0       
     14.30          5.025009         53579           13244           14821            613            28785           17729            3765            7677           17198            745             294             252              61      
     14.40          5.025009         53551           13160           14713            608            29418           18232            3857            7422           17055            719              0               0               0       
     14.50          5.025009         53880           13114           14626            604            29409           18154            3837            7314           17109            719             163             111              24      
     14.60          5.025009         54064           12792           14247            588            29128           17977            3830            7836           17636            745             244             140              21      
     14.70          5.025009         53461           13671           15888            647            30044           18386            3895            6285           15726            642              0               0               0       
     14.80          5.025009         54205           13214           14784            613            29578           18126            3863            7208           17090            708              0               0               0       
     14.90          5.025009         54465           12897           14255            595            29312           17849            3794            7558           17656            736             233             240              59      
     15.00          5.025009         55135           12979           14479            602            28955           17866            3786            7712           17416            746             354             239              50      
     15.10          5.025009         54366           13085           14689            609            29260           17921            3785            7290           17074            719             365             316              71      
     15.20          5.025009         54517           12976           14828            610            29785           18358            3846            7058           16715            697             181              99              31      
     15.30          5.025009         54673           13097           14854            613            30081           18513            3869            6707           16555            688             115              78              14      
     15.40          5.025009         54375           12751           14212            593            29749           18380            3836            7261           17256            725             239             152              30      
     15.50          5.025009         54532           12643           13960            586            29485           18215            3817            7803           17771            764              69              54              17      
     15.60          5.025009         53839           12224           13669            571            28866           17907            3740            8300           18018            793             610             406              80      
     15.70          5.025009         53453           12452           13726            578            30195           18694            3873            7353           17580            733              0               0               0       
     15.80          5.025009         53077           12604           13935            585            30125           18609            3853            7086           17312            721             185             144              25      
     15.90          5.025009         52698           12380           13502            568            30411           18848            3874            7017           17521            714             192             129              28      
     16.00          5.025009         52341           12589           13795            578            30870           19168            3912            6541           17037            694              0               0               0       
     16.10          5.025009         51136           12386           13541            567            30625           19007            3874            6810           17294            711             179             158              32      
     16.20          5.025009         51569           12240           13243            557            30242           18780            3836            7278           17821            752             240             156              39      
     16.30          5.025009         52000           12591           13741            576            30521           18845            3867            6803           17352            726              85              62              15      
     16.40          5.025009         53148           13086           14725            612            31154           19480            3933            5760           15795            639              0               0               0       
     16.50          5.025009         52661           13678           16323            663            31845           19888            3988            2667            8523            324             1810            5266            209      
     16.60          5.025009         53620           13031           14702            612            31094           19168            3926            5875           16130            646              0               0               0       
     16.70          5.025009         51014           12786           14272            598            30502           18757            3860            6512           16818            695             200             153              31      
     16.80          5.025009         52172           12761           14347            600            31214           19339            3932            6025           16314            652              0               0               0       
     16.90          5.025009         52028           12420           13781            580            31116           19176            3921            6464           17043            683              0               0               0       
     17.00          5.025009         52371           12784           14595            606            30839           18933            3900            6297           16425            668              80              47              10      
     17.10          5.025009         52536           12241           13405            566            29946           18258            3821            7631           18224            769             182             113              28      
     17.20          5.025009         52859           12734           14319            596            30740           18682            3895            6526           16999            693              0               0               0       
     17.30          5.025009         52484           12702           14103            589            30501           18403            3869            6749           17430            711              48              64              15      
     17.40          5.025009         51912           13140           15390            628            30755           18352            3899            6105           16258            657              0               0               0       
     17.50          5.025009         52674           12884           14607            605            30426           18047            3854            6616           17262            707              74              84              18      
     17.60          5.025009         52838           12645           14109            589            30076           17854            3823            6907           17817            731             372             220              41      
     17.70          5.025009         53920           12791           14697            607            30751           18278            3883            6458           17025            694              0               0               0       
     17.80          5.025009         53468           12823           14656            607            30789           18293            3880            5983           16770            667             405             281              30      
     17.90          5.025009         52952           13058           15711            636            31267           18698            3918            5516           15451            620             159             140              10      
     18.00          5.025009         51208           13282           15807            644            31501           18809            3919            5217           15384            621              0               0               0       
     18.10          5.025009         49799           13269           15719            643            32119           19324            3976            4612           14957            565              0               0               0       
     18.20          5.025009         51692           12774           15012            614            31527           18907            3920            5699           16081            650              0               0               0       
     18.30          5.025009         52136           12413           14647            597            31196           18757            3896            6265           16524            681             126              72              10      
     18.40          5.025009         51564           12479           14659            598            31358           18916            3911            6163           16425            675              0               0               0       
     18.50          5.025009         50820           11864           13530            558            29670           17791            3705            7503           18044            777             963             635             144      
     18.60          5.025009         51806           11900           13255            551            31219           18850            3892            6881           17895            741              0               0               0       
     18.70          5.025009         50402           12019           13586            560            31678           19222            3899            6108           17009            683             195             183              42      
     18.80          5.025009         50670           12293           13760            570            31772           19349            3926            5880           16836            674              55              55              14      
     18.90          5.025009         49400           12203           13822            570            31522           19188            3919            6275           16990            695              0               0               0       
     19.00          5.025009         49312           12370           14029            580            31304           19043            3899            6326           16928            705              0               0               0       
     19.10          5.025009         50337           12029           13623            564            31335           19014            3901            6636           17363            719              0               0               0       
     19.20          5.025009         50154           11986           13612            562            31631           19167            3927            6383           17221            695              0               0               0       
     19.30          5.025009         49394           11786           13289            550            30022           18189            3771            7642           18195            797             550             327              66      
     19.40          5.025009         48865           11975           13332            555            31043           18645            3866            6922           17967            752              60              56              11      
     19.50          5.025009         50016           12437           14274            587            31510           18848            3926            6053           16878            671              0               0               0       
     19.60          5.025009         49938           12141           13582            565            30931           18547            3866            6714           17760            729             214             111              24      
     19.70          5.025009         50931           12499           14243            587            31838           18991            3938            5663           16766            659              0               0               0       
     19.80          5.025009         50319           12282           14173            579            31888           18950            3947            5830           16877            658              0               0               0       
     19.90          5.025009         51155           12222           13688            567            31098           18532            3879            6621           17716            723              59              64              15      
     20.00          5.025009         50638           12474           14144            583            31463           18663            3921            6063           17193            680              0               0               0       
     20.10          5.025009         51181           12605           14391            592            31723           18743            3942            5672           16866            650              0               0               0       
     20.20          5.025009         50903           12448           13985            579            31254           18416            3887            6198           17532            700             100              67              18      
     20.30          5.025009         51572           12652           14234            591            31087           18337            3881            6261           17429            712              0               0               0       
     20.40          5.025009         49962           12471           13886            580            30856           18146            3852            6545           17898            733             128              70              19      
     20.50          5.025009         51195           12240           13532            566            31319           18516            3902            6441           17952            716              0               0               0       
     20.60          5.025009         50640           12526           13994            584            31229           18501            3892            6245           17505            708              0               0               0       
     20.70          5.025009         51405           12245           13560            568            31198           18437            3878            6557           18003            738              0               0               0       
     20.80          5.025009         51415           11537           12720            534            31239           18429            3875            7120           18794            764             104              57              11      
     20.90          5.025009         51380           11866           12996            548            31393           18470            3862            6538           18400            740             203             134              34      
     21.00          5.025009         51977           12246           13545            569            31765           18788            3902            5879           17611            701             110              56              12      
     21.10          5.025009         51382           12724           14473            600            32505           19389            3967            4771           16138            617              0               0               0       
     21.20          5.025009         49916           11889           13329            557            31831           18894            3901            6216           17708            711              64              69              15      
     21.30          5.025009         50607           11868           13307            556            31980           19104            3916            6152           17589            712              0               0               0       
     21.40          5.025009         49461           11878           13384            559            31752           19015            3891            6370           17601            734              0               0               0       
     21.50          5.025009         50352           11460           12922            539            31456           18862            3856            6837           18065            757             247             151              32      
     21.60          5.025009         50057           11767           13284            553            32304           19429            3933            5929           17287            698              0               0               0       
     21.70          5.025009         50133           11281           12622            527            31707           19132            3885            6656           18041            742             356             205              30      
     21.80          5.025009         49959           11199           12706            527            32288           19549            3945            6513           17745            712              0               0               0       
     21.90          5.025009         48934           10736           12003            501            31111           18699            3804            7785           19013            820             368             285              59      
     22.00          5.025009         48732           11362           12929            536            33050           20268            4000            5588           16803            648              0               0               0       
     22.10          5.025009         47467           11220           12711            525            32536           19944            3944            6193           17288            700              51              57              15      
     22.20          5.025009         48525           11069           12816            523            32631           20062            3945            6190           17054            704             110              68              12      
     22.30          5.025009         46867           10683           12102            499            32801           20217            3966            6516           17681            719              0               0               0       
     22.40          5.025009         48695           11216           13104            533            32942           20215            3966            5778           16616            670              64              65              15      
     22.50          5.025009         48170           11256           12857            529            33097           20310            3992            5647           16833            663              0               0               0       
     22.60          5.025009         48123           10853           12270            509            32062           19645            3898            6864           17940            756             221             145              21      
     22.70          5.025009         47352           10876           12275            510            32437           19870            3926            6459           17700            721             228             155              27      
     22.80          5.025009         47926           10750           12036            501            32729           20001            3950            6521           17963            733              0               0               0       
     22.90          5.025009         46940           10870           12432            512            32740           19992            3951            6390           17576            721              0               0               0       
     23.00          5.025009         46974           10769           12152            503            32611           19909            3945            6620           17939            736              0               0               0       
     23.10          5.025009         47519           10691           12153            499            32988           20120            3971            6321           17727            714              0               0               0       
     23.20          5.025009         47707           10644           11800            489            32715           19899            3947            6641           18301            748              0               0               0       
     23.30          5.025009         46841           10611           11974            491            33541           20266            4019            5848           17760            674              0               0               0       
     23.40          5.025009         47359           10468           11535            477            33236           20104            3989            6296           18361            718              0               0               0       
     23.50          5.025009         46930           10472           11323            473            32955           19924            3949            6489           18665            741              84              88              21      
     23.60          5.025009         46986           10519           11456            479            33100           20050            3961            6320           18444            728              61              50              16      
     23.70          5.025009         48157           10518           11564            482            32858           19858            3926            6508           18474            746             116             104              30      
     23.80          5.025009         47526           10883           12413            509            33679           20401            4012            5438           17186            663              0               0               0       
     23.90          5.025009         47347           10501           11434            480            32964           20041            3919            6278           18335            741             257             190              44      
     24.00          5.025009         46959           10353           11313            473            33566           20481            3997            6081           18206            714              0               0               0       
     24.10          5.025009         47517           10641           12070            495            33712           20667            4011            5647           17263            678              0               0               0       
     24.20          5.025009         47450           10365           11720            480            33216           20436            3948            6209           17683            723             210             161              33      
     24.30          5.025009         45828           10418           11804            484            32702           20009            3868            6443           17824            749             437             363              83      
     24.40          5.025009         46264           10436           12163            493            33797           20759            4014            5767           17078            677              0               0               0       
     24.50          5.025009         46305           10386           11941            488            33823           20865            4014            5668           17082            664             123             112              18      
     24.60          5.025009         44552           10340           11919            486            33503           20752            3988            6054           17260            695             103              69              15      
     24.70          5.025009         46014           10475           12093            493            33843           21039            4027            5682           16868            664              0               0               0       
     24.80          5.025009         45583           10448           12150            494            33604           20833            4000            5837           16948            678             111              69              12      
     24.90          5.025009         45253           10323           12062            489            33780           20915            4009            5897           17023            686              0               0               0       
     25.00          5.025009         45160           10575           12700            508            34024           21227            4033            5401           16073            643              0               0               0       
     25.10          5.025009         45168           10386           12258            495            33292           20746            3952            6058           16847            705             264             149              32      
     25.20          5.025009         45198           10618           12750            513            33736           21032            4009            5646           16218            662              0               0               0       
     25.30          5.025009         45164           10646           13060            522            34209           21308            4045            5145           15632            617              0               0               0       
     25.40          5.025009         45494           10289           12381            498            33488           20947            3973            5805           16419            666             418             253              47      
     25.50          5.025009         44718           10404           12439            501            34073           21414            4046            5523           16147            637              0               0               0       
     25.60          5.025009         45178           10316           12422            498            34283           21572            4059            5401           16006            627              0               0               0       
     25.70          5.025009         44742           10112           12099            485            34164           21516            4040            5581           16275            639             143             110              20      
     25.80          5.025009         45525           10180           12226            489            34361           21689            4060            5459           16085            635              0               0               0       
     25.90          5.025009         44716           10255           12021            487            34362           21610            4046            5383           16369            651              0               0               0       
     26.00          5.025009         44852           10196           12249            491            34158           21482            4037            5646           16269            656              0               0               0       
     26.10          5.025009         44596           10043           12405            492            34402           21743            4054            5488           15793            627              67              59              11      
     26.20          5.025009         46246           10098           12193            489            33788           21340            4010            5957           16379            671             157              88              14      
     26.30          5.025009         44586           10483           13012            515            34596           21722            4079            4921           15266            590              0               0               0       
     26.40          5.025009         45022           10014           12181            485            33997           21322            4013            5852           16397            661             137             100              25      
     26.50          5.025009         44306           10055           12516            494            34221           21343            4041            5724           16141            649              0               0               0       
     26.60          5.025009         44559           10263           12548            500            34532           21512            4062            5205           15940            622              0               0               0       
     26.70          5.025009         45450           10120           12083            484            34604           21500            4071            5276           16417            629              0               0               0       
     26.80          5.025009         45365            9643           11326            456            34198           21224            4035            6159           17450            693              0               0               0       
     26.90          5.025009         45266            9837           11885            472            34532           21430            4054            5556           16629            645              75              56              13      
     27.00          5.025009         45134            9730           11948            471            33593           20803            3954            6257           16944            697             420             305              62      
     27.10          5.025009         44765           10091           12187            485            33660           20799            3961            5993           16817            691             256             197              47      
     27.20          5.025009         45503           10172           12580            497            34007           20973            4003            5729           16369            669              92              78              15      
     27.30          5.025009         45607           10277           12721            503            34206           21057            4021            5517           16222            660              0               0               0       
     27.40          5.025009         46118           10602           13748            534            34624           21270            4061            4774           14982            589              0               0               0       
     27.50          5.025009         46869           10297           12912            508            34505           21162            4049            5198           15926            627              0               0               0       
     27.60          5.025009         46152           10158           12477            495            34281           20973            4009            5373           16378            647             188             172              33      
     27.70          5.025009         45345           10459           13182            516            34301           21025            4026            5111           15732            630             129              61              12      
     27.80          5.025009         44630           10358           13101            512            34225           20971            4019            5334           15875            641              83              53              12      
     27.90          5.025009         45213           10394           12996            512            34340           21054            4035            5266           15950            637              0               0               0       
     28.00          5.025009         44795           10407           13008            514            34533           21127            4054            5060           15865            616              0               0               0       
     28.10          5.025009         45339           10294           13112            515            34900           21279            4081            4806           15609            588              0               0               0       
     28.20          5.025009         45806           10127           12688            502            34779           21260            4062            5015           15997            609              79              55              11      
     28.30          5.025009         45875            9982           12439            492            34720           21262            4051            5145           16198            625             153             101              16      
     28.40          5.025009         45972           10116           12636            499            34655           21336            4041            5008           15913            620             221             115              24      
     28.50          5.025009         45871           10379           12827            509            34851           21444            4062            4770           15729            613              0               0               0       
     28.60          5.025009         44708           10148           12377            493            34871           21443            4066            4981           16180            625              0               0               0       
     28.70          5.025009         45007           10338           13070            513            34729           21423            4057            4933           15507            614              0               0               0       
     28.80          5.025009         44437           10145           12556            498            34622           21288            4043            5011           16022            625             222             134              18      
     28.90          5.025009         44910           10126           12503            496            34274           21173            4008            5363           16181            650             237             143              30      
     29.00          5.025009         44224           10240           12813            506            34762           21506            4061            4998           15681            617              0               0               0       
     29.10          5.025009         44619           10186           12784            504            34932           21597            4083            4882           15619            597              0               0               0       
     29.20          5.025009         44118           10100           12585            499            34679           21501            4059            5221           15914            626              0               0               0       
     29.30          5.025009         44834           10101           12684            502            35142           21811            4095            4757           15505            587              0               0               0       
     29.40          5.025009         44882           10234           13522            524            35301           22011            4116            4465           14467            544              0               0               0       
     29.50          5.025009         44135           10438           14044            539            35175           21957            4105            4387           13999            540              0               0               0       
     29.60          5.025009         44867           10208           13658            525            35084           21827            4083            4708           14515            576              0               0               0       
     29.70          5.025009         44413            9911           13301            510            34773           21620            4056            5215           15013            602             101              66              16      
     29.80          5.025009         44035           10355           13953            535            34630           21404            4036            4913           14523            586             102             120              27      
     29.90          5.025009         44373           10354           13868            532            35127           21787            4095            4519           14345            557              0               0               0       
     30.00          5.025009         44399           10391           13995            537            35065           21753            4094            4544           14252            553              0               0               0       
