        tauB               sizeBin             clust_size      press_align
        0.00               5.016308              43621             12965.892316    
        0.10               5.016308              43861             11536.882812    
        0.20               5.016308              44370             8856.211442     
        0.30               5.016308              44757             7083.360533     
        0.40               5.016308              44969             5381.353037     
        0.50               5.016308              45020             4182.625876     
        0.60               5.016308              44982             3329.419922     
        0.70               5.016308              44936             2892.454079     
        0.80               5.016308              44807             2326.513465     
        0.90               5.016308              44670             2158.002034     
        1.00               5.016308              44465             1964.297132     
        1.10               5.016308              44086             1618.478964     
        1.20               5.016308              43734             1704.087276     
        1.30               5.016308              43554             1755.330255     
        1.40               5.016308              43251             1544.080634     
        1.50               5.016308              42931             1734.131475     
        1.60               5.016308              42617             2095.853868     
        1.70               5.016308              42497             2082.164895     
        1.80               5.016308              42418             1946.710895     
        1.90               5.016308              42320             1925.257077     
        2.00               5.016308              42204             2257.011129     
        2.10               5.016308              42237             2048.497604     
        2.20               5.016308              42088             2241.749481     
        2.30               5.016308              41939             2140.870993     
        2.40               5.016308              41865             2095.452476     
        2.50               5.016308              41768             2349.034199     
        2.60               5.016308              41781             2524.619899     
        2.70               5.016308              41887             2331.707123     
        2.80               5.016308              41982             1963.792302     
        2.90               5.016308              42298             2099.793501     
        3.00               5.016308              42503             2156.180339     
        3.10               5.016308              42621             1883.969004     
        3.20               5.016308              42645             1921.644374     
        3.30               5.016308              42504             1877.711312     
        3.40               5.016308              42396             1948.369938     
        3.50               5.016308              42362             1943.425374     
        3.60               5.016308              42317             1823.988793     
        3.70               5.016308              42428             1898.569309     
        3.80               5.016308              42476             1921.010589     
        3.90               5.016308              42377             1848.784362     
        4.00               5.016308              42414             2032.522616     
        4.10               5.016308              42297             2192.535399     
        4.20               5.016308              42210             2281.534058     
        4.30               5.016308              42099             2451.128868     
        4.40               5.016308              42083             2465.064850     
        4.50               5.016308              42122             2331.821590     
        4.60               5.016308              42275             2227.463737     
        4.70               5.016308              42349             2209.499447     
        4.80               5.016308              42370             1986.735786     
        4.90               5.016308              42457             1909.751054     
        5.00               5.016308              42467             1804.931894     
        5.10               5.016308              42539             1508.301800     
        5.20               5.016308              42539             1629.947201     
        5.30               5.016308              42521             1733.171680     
        5.40               5.016308              42726             1942.016887     
        5.50               5.016308              42836             2210.227429     
        5.60               5.016308              42949             2609.438842     
        5.70               5.016308              43030             2117.200679     
        5.80               5.016308              43015             2025.048957     
        5.90               5.016308              42903             1967.881783     
        6.00               5.016308              42876             1745.693598     
        6.10               5.016308              42737             2002.227818     
        6.20               5.016308              42589             1861.010032     
        6.30               5.016308              42500             1975.448999     
        6.40               5.016308              42443             1849.952642     
        6.50               5.016308              42363             1503.734452     
        6.60               5.016308              42484             1738.300354     
        6.70               5.016308              42705             1731.822330     
        6.80               5.016308              42785             1812.389246     
        6.90               5.016308              42770             1877.842404     
        7.00               5.016308              42758             1779.949722     
        7.10               5.016308              42526             1850.088837     
        7.20               5.016308              42333             2135.772333     
        7.30               5.016308              42187             2002.692313     
        7.40               5.016308              42210             1821.474526     
        7.50               5.016308              42218             1834.544155     
        7.60               5.016308              42335             1921.147781     
        7.70               5.016308              42319             1924.307765     
        7.80               5.016308              42346             1774.110898     
        7.90               5.016308              42529             1529.432603     
        8.00               5.016308              42539             1973.911861     
        8.10               5.016308              42371             1969.795850     
        8.20               5.016308              42288             1778.727089     
        8.30               5.016308              42313             2171.281168     
        8.40               5.016308              42329             1993.343947     
        8.50               5.016308              42281             2050.115804     
        8.60               5.016308              42247             1985.530060     
        8.70               5.016308              42364             2095.944496     
        8.80               5.016308              42450             2099.662698     
        8.90               5.016308              42421             2306.259038     
        9.00               5.016308              42228             2326.757172     
        9.10               5.016308              42129             2334.023532     
        9.20               5.016308              42094             2380.171276     
        9.30               5.016308              42167             2399.427921     
        9.40               5.016308              42299             2253.504037     
        9.50               5.016308              42378             2280.771459     
        9.60               5.016308              42404             2202.064692     
        9.70               5.016308              42382             1743.478864     
        9.80               5.016308              42079             1711.682583     
        9.90               5.016308              42103             1573.599809     
       10.00               5.016308              42108             1971.492621     
       10.10               5.016308              42217             2183.943632     
       10.20               5.016308              42241             1859.353820     
       10.30               5.016308              42597             1812.449218     
       10.40               5.016308              42679             1930.609895     
       10.50               5.016308              42804             1887.371809     
       10.60               5.016308              42772             1881.695763     
       10.70               5.016308              42772             1692.022578     
       10.80               5.016308              42655             1730.625912     
       10.90               5.016308              42735             1576.938587     
       11.00               5.016308              42696             1770.796371     
       11.10               5.016308              42869             1820.203257     
       11.20               5.016308              42842             1942.625350     
       11.30               5.016308              42810             1931.588320     
       11.40               5.016308              42749             1823.022636     
       11.50               5.016308              42715             1818.306326     
       11.60               5.016308              42627             1993.764602     
       11.70               5.016308              42623             2054.439363     
       11.80               5.016308              42522             1876.171416     
       11.90               5.016308              42453             1674.520948     
       12.00               5.016308              42448             1833.979650     
       12.10               5.016308              42346             1929.612153     
       12.20               5.016308              42195             1952.742881     
       12.30               5.016308              42240             1884.159819     
       12.40               5.016308              42306             1768.828767     
       12.50               5.016308              42226             1913.444726     
       12.60               5.016308              42261             1959.239335     
       12.70               5.016308              42262             2078.634749     
       12.80               5.016308              42289             1979.005717     
       12.90               5.016308              42256             1749.977148     
       13.00               5.016308              42351             1999.429373     
       13.10               5.016308              42367             1799.405442     
       13.20               5.016308              42414             2165.192779     
       13.30               5.016308              42383             2432.304232     
       13.40               5.016308              42382             2218.588814     
       13.50               5.016308              42509             2118.506160     
       13.60               5.016308              42638             2171.638036     
       13.70               5.016308              42564             2095.645141     
       13.80               5.016308              42289             2288.326064     
       13.90               5.016308              42204             2255.621143     
       14.00               5.016308              42283             2464.071842     
       14.10               5.016308              42623             2411.210784     
       14.20               5.016308              42720             2361.579970     
       14.30               5.016308              42872             2197.865847     
       14.40               5.016308              42757             2172.005864     
       14.50               5.016308              42725             2230.914253     
       14.60               5.016308              42526             2165.019014     
       14.70               5.016308              42487             2009.143647     
       14.80               5.016308              42502             2078.512962     
       14.90               5.016308              42511             2036.261319     
       15.00               5.016308              42527             1856.275217     
       15.10               5.016308              42323             1985.983373     
       15.20               5.016308              42373             1782.824127     
       15.30               5.016308              42316             1755.769024     
       15.40               5.016308              42262             1846.244024     
       15.50               5.016308              42285             2063.258389     
       15.60               5.016308              42292             2049.002784     
       15.70               5.016308              42298             1911.874434     
       15.80               5.016308              42339             2077.942500     
       15.90               5.016308              42368             2155.070735     
       16.00               5.016308              42187             2211.653034     
       16.10               5.016308              42081             2288.488901     
       16.20               5.016308              41929             2319.496499     
       16.30               5.016308              41906             2177.535474     
       16.40               5.016308              41612             2149.231508     
       16.50               5.016308              41619             2422.743841     
       16.60               5.016308              41689             2488.878924     
       16.70               5.016308              41560             2432.777768     
       16.80               5.016308              41602             2392.593631     
       16.90               5.016308              41685             2364.557955     
       17.00               5.016308              41789             2525.501285     
       17.10               5.016308              41830             2530.339711     
       17.20               5.016308              41901             2116.311419     
       17.30               5.016308              42098             1895.326794     
       17.40               5.016308              42362             2259.673124     
       17.50               5.016308              42538             2392.732762     
       17.60               5.016308              42459             2551.285654     
       17.70               5.016308              42340             2261.338828     
       17.80               5.016308              42472             2250.034158     
       17.90               5.016308              42473             2255.349922     
       18.00               5.016308              42594             2265.227984     
       18.10               5.016308              42678             2200.573559     
       18.20               5.016308              42453             2142.101018     
       18.30               5.016308              42366             1958.315821     
       18.40               5.016308              42319             2078.404443     
       18.50               5.016308              42295             1988.400834     
       18.60               5.016308              42281             1990.614196     
       18.70               5.016308              41997             2310.240968     
       18.80               5.016308              41938             2172.409766     
       18.90               5.016308              41922             2106.385162     
       19.00               5.016308              41984             2123.826603     
       19.10               5.016308              42035             2026.063444     
       19.20               5.016308              42202             2095.690067     
       19.30               5.016308              42186             1877.600242     
       19.40               5.016308              42277             1905.021130     
       19.50               5.016308              42312             1829.545602     
       19.60               5.016308              42219             1779.893046     
       19.70               5.016308              42082             1669.921897     
       19.80               5.016308              42241             1828.194151     
       19.90               5.016308              42332             1886.134619     
       20.00               5.016308              42419             2166.958422     
       20.10               5.016308              42466             2284.183251     
       20.20               5.016308              42543             2152.164678     
       20.30               5.016308              42588             2242.167810     
       20.40               5.016308              42442             2112.398764     
       20.50               5.016308              42441             1892.124339     
       20.60               5.016308              42461             2008.909354     
       20.70               5.016308              42604             2031.481732     
       20.80               5.016308              42562             1592.425080     
       20.90               5.016308              42388             1662.446777     
       21.00               5.016308              42178             1695.741853     
       21.10               5.016308              42065             1744.894079     
       21.20               5.016308              41810             1989.285546     
       21.30               5.016308              41764             2180.849443     
       21.40               5.016308              41866             2165.841148     
       21.50               5.016308              41763             1866.541606     
       21.60               5.016308              41951             2007.408496     
       21.70               5.016308              42053             1990.464259     
       21.80               5.016308              42233             2003.946304     
       21.90               5.016308              42340             2025.403991     
       22.00               5.016308              42528             2166.807099     
       22.10               5.016308              42545             1983.774923     
       22.20               5.016308              42657             2001.750072     
       22.30               5.016308              42712             1921.389031     
       22.40               5.016308              42886             2024.926484     
       22.50               5.016308              42920             1983.728006     
       22.60               5.016308              42971             2266.577518     
       22.70               5.016308              42872             2508.913333     
       22.80               5.016308              42795             2149.656755     
       22.90               5.016308              42611             2038.237065     
       23.00               5.016308              42439             2122.013166     
       23.10               5.016308              42258             2029.748411     
       23.20               5.016308              42231             2107.645529     
       23.30               5.016308              42077             1947.395761     
       23.40               5.016308              41981             1617.998506     
       23.50               5.016308              42014             1846.721271     
       23.60               5.016308              41960             2123.470434     
       23.70               5.016308              42079             2240.061764     
       23.80               5.016308              42061             2047.302694     
       23.90               5.016308              42094             2309.127287     
       24.00               5.016308              42034             2155.721093     
       24.10               5.016308              42069             1848.934955     
       24.20               5.016308              42075             1901.260809     
       24.30               5.016308              42162             1702.221216     
       24.40               5.016308              42366             2062.232350     
       24.50               5.016308              42393             1838.512807     
       24.60               5.016308              42294             1891.830745     
       24.70               5.016308              42120             2172.537449     
       24.80               5.016308              42100             2374.145212     
       24.90               5.016308              42103             2363.820263     
       25.00               5.016308              41938             2227.820607     
       25.10               5.016308              41974             2106.841353     
       25.20               5.016308              42059             1894.546995     
       25.30               5.016308              42068             2260.597855     
       25.40               5.016308              41940             2278.529899     
       25.50               5.016308              42105             2005.048151     
       25.60               5.016308              42012             2191.755590     
       25.70               5.016308              42083             2281.473387     
       25.80               5.016308              42196             2005.534914     
       25.90               5.016308              42284             2206.728664     
       26.00               5.016308              42330             2440.879024     
       26.10               5.016308              42326             2173.215032     
       26.20               5.016308              42205             2282.754658     
       26.30               5.016308              42309             2274.667893     
       26.40               5.016308              42387             2237.854938     
       26.50               5.016308              42521             2395.363615     
       26.60               5.016308              42557             2202.001254     
       26.70               5.016308              42445             2023.558594     
       26.80               5.016308              42493             1756.225798     
       26.90               5.016308              42532             2044.535152     
       27.00               5.016308              42509             1759.349138     
       27.10               5.016308              42476             1868.100448     
       27.20               5.016308              42353             2043.730533     
       27.30               5.016308              42245             1990.021571     
       27.40               5.016308              42093             1906.258045     
       27.50               5.016308              41978             1937.902223     
       27.60               5.016308              41989             1724.814842     
       27.70               5.016308              41984             2032.922709     
       27.80               5.016308              41932             1981.473616     
       27.90               5.016308              41970             1979.310395     
       28.00               5.016308              42054             1974.868116     
       28.10               5.016308              42085             1707.215763     
       28.20               5.016308              42109             1909.138209     
       28.30               5.016308              42192             2284.524024     
       28.40               5.016308              42307             2170.234578     
       28.50               5.016308              42440             1969.681021     
       28.60               5.016308              42381             2012.138558     
       28.70               5.016308              42502             2170.859537     
       28.80               5.016308              42360             2571.512465     
       28.90               5.016308              42369             2339.653709     
       29.00               5.016308              42301             2368.283824     
       29.10               5.016308              42407             2427.585055     
       29.20               5.016308              42391             2102.548712     
       29.30               5.016308              42654             2194.142774     
       29.40               5.016308              42758             1979.558388     
       29.50               5.016308              42696             2173.525794     
       29.60               5.016308              42838             2072.384293     
       29.70               5.016308              42877             1998.903526     
       29.80               5.016308              42774             1960.070755     
       29.90               5.016308              42792             2001.505033     
       30.00               5.016308              42847             2066.427885     
       30.10               5.016308              42892             2116.719850     
       30.20               5.016308              42819             2269.722731     
       30.30               5.016308              42703             2059.534583     
       30.40               5.016308              42657             2022.719589     
       30.50               5.016308              42542             1776.417253     
       30.60               5.016308              42619             2114.588754     
       30.70               5.016308              42705             1993.727024     
       30.80               5.016308              42721             1869.135254     
       30.90               5.016308              42612             1487.052131     
       31.00               5.016308              42573             1423.061662     
       31.10               5.016308              42384             1480.681511     
       31.20               5.016308              42417             1661.570208     
       31.30               5.016308              42259             2214.079788     
       31.40               5.016308              42267             2245.833083     
       31.50               5.016308              42206             2510.271448     
       31.60               5.016308              42146             2464.182660     
       31.70               5.016308              42212             2449.005066     
       31.80               5.016308              42190             2477.776521     
       31.90               5.016308              42316             2518.647156     
       32.00               5.016308              42458             2087.852099     
       32.10               5.016308              42493             2266.045506     
       32.20               5.016308              42554             2201.486982     
       32.30               5.016308              42299             1874.522283     
       32.40               5.016308              42205             2114.551383     
       32.50               5.016308              42260             2098.917301     
       32.60               5.016308              42290             2193.982054     
       32.70               5.016308              42304             2048.851642     
       32.80               5.016308              42198             1991.187939     
       32.90               5.016308              42315             1981.163910     
       33.00               5.016308              42171             2107.031404     
       33.10               5.016308              42168             1999.557376     
       33.20               5.016308              41989             1936.732199     
       33.30               5.016308              41928             2034.599676     
       33.40               5.016308              41927             1779.550880     
       33.50               5.016308              42007             1826.111507     
       33.60               5.016308              42022             1946.758384     
       33.70               5.016308              41977             2101.209875     
       33.80               5.016308              42057             2067.868538     
       33.90               5.016308              42141             2224.646949     
       34.00               5.016308              42136             2038.658645     
       34.10               5.016308              42227             1966.091301     
       34.20               5.016308              42216             1864.262130     
       34.30               5.016308              42154             1879.520973     
       34.40               5.016308              42208             1730.285424     
       34.50               5.016308              42241             1808.645212     
       34.60               5.016308              42241             1940.738138     
       34.70               5.016308              42111             1863.064785     
       34.80               5.016308              42098             1897.752079     
       34.90               5.016308              41984             2202.381918     
       35.00               5.016308              41864             2306.709128     
       35.10               5.016308              41949             2093.849914     
       35.20               5.016308              42072             1896.288249     
       35.30               5.016308              42184             2056.455124     
       35.40               5.016308              42321             1716.257405     
       35.50               5.016308              42491             1876.142763     
       35.60               5.016308              42543             1783.684729     
       35.70               5.016308              42319             1590.730502     
       35.80               5.016308              42222             1512.915187     
       35.90               5.016308              42231             1504.877734     
       36.00               5.016308              42373             1671.097222     
       36.10               5.016308              42412             1924.432743     
       36.20               5.016308              42599             1795.277699     
       36.30               5.016308              42699             1712.047821     
       36.40               5.016308              42758             1846.415757     
       36.50               5.016308              42709             1697.125360     
       36.60               5.016308              42603             1829.480330     
       36.70               5.016308              42460             1790.203171     
       36.80               5.016308              42428             1840.578057     
       36.90               5.016308              42350             2103.212444     
       37.00               5.016308              42285             2045.417533     
       37.10               5.016308              42250             1790.882657     
       37.20               5.016308              42137             1950.528053     
       37.30               5.016308              42060             2084.670231     
       37.40               5.016308              42078             1893.920674     
       37.50               5.016308              42173             2073.919932     
       37.60               5.016308              42199             2313.118219     
       37.70               5.016308              42290             2339.293915     
       37.80               5.016308              42413             2402.674273     
       37.90               5.016308              42511             2145.985862     
       38.00               5.016308              42699             2335.063585     
       38.10               5.016308              42571             2232.656209     
       38.20               5.016308              42517             2168.754094     
       38.30               5.016308              42532             1895.425742     
       38.40               5.016308              42587             2109.354195     
       38.50               5.016308              42721             2094.397005     
       38.60               5.016308              42588             1906.627661     
       38.70               5.016308              42641             1971.091678     
       38.80               5.016308              42570             1911.609575     
       38.90               5.016308              42555             1806.894156     
       39.00               5.016308              42447             1969.419970     
       39.10               5.016308              42275             1975.602229     
       39.20               5.016308              42093             2107.819803     
       39.30               5.016308              42071             2213.796695     
       39.40               5.016308              42152             2292.112661     
       39.50               5.016308              42179             2075.786327     
       39.60               5.016308              42180             2292.808790     
       39.70               5.016308              42149             2384.567129     
       39.80               5.016308              42096             2412.944385     
       39.90               5.016308              41942             2226.245354     
       40.00               5.016308              42060             2217.721928     
       40.10               5.016308              42133             2167.153817     
       40.20               5.016308              42312             2078.318490     
       40.30               5.016308              42369             2003.748056     
       40.40               5.016308              42478             1894.291946     
       40.50               5.016308              42673             1948.725801     
       40.60               5.016308              42896             1983.454494     
       40.70               5.016308              42853             2027.220084     
       40.80               5.016308              42862             1994.913309     
       40.90               5.016308              42764             2124.821538     
       41.00               5.016308              42927             2284.383059     
       41.10               5.016308              42883             2012.998289     
       41.20               5.016308              42747             2266.734030     
       41.30               5.016308              42700             1909.041119     
       41.40               5.016308              42534             1967.491013     
       41.50               5.016308              42505             1895.107360     
       41.60               5.016308              42506             2052.904778     
       41.70               5.016308              42435             2088.509584     
       41.80               5.016308              42414             2163.606956     
       41.90               5.016308              42347             1907.649545     
       42.00               5.016308              42285             1805.476069     
       42.10               5.016308              42067             1726.331024     
       42.20               5.016308              41978             1909.667359     
       42.30               5.016308              41982             2124.134573     
       42.40               5.016308              41798             2330.767910     
       42.50               5.016308              41789             2291.963208     
       42.60               5.016308              41853             2356.867428     
       42.70               5.016308              41953             2341.373364     
       42.80               5.016308              42033             2354.297152     
       42.90               5.016308              42062             2784.818281     
       43.00               5.016308              42210             2492.548495     
       43.10               5.016308              42117             2148.301533     
       43.20               5.016308              42022             2261.013086     
       43.30               5.016308              42052             2166.286744     
       43.40               5.016308              42031             2195.278304     
       43.50               5.016308              42145             1961.584408     
       43.60               5.016308              42290             2010.592503     
       43.70               5.016308              42382             1943.302369     
       43.80               5.016308              42433             1882.526481     
       43.90               5.016308              42494             1930.463553     
       44.00               5.016308              42468             2028.665819     
       44.10               5.016308              42395             2160.941262     
       44.20               5.016308              42449             2004.924078     
       44.30               5.016308              42283             1851.542722     
       44.40               5.016308              42281             2235.571669     
       44.50               5.016308              42168             2329.567771     
       44.60               5.016308              42180             2154.289450     
       44.70               5.016308              42178             1962.220060     
       44.80               5.016308              42238             1892.697409     
       44.90               5.016308              42251             1849.304919     
       45.00               5.016308              42260             2038.435649     
       45.10               5.016308              42359             1922.687293     
       45.20               5.016308              42540             1497.306915     
       45.30               5.016308              42632             1595.558085     
       45.40               5.016308              42583             1501.104564     
       45.50               5.016308              42592             1832.848638     
       45.60               5.016308              42716             2082.334808     
       45.70               5.016308              42743             2212.501250     
       45.80               5.016308              42638             1992.754471     
       45.90               5.016308              42301             2263.490486     
       46.00               5.016308              42180             2326.737744     
       46.10               5.016308              42003             2175.590214     
       46.20               5.016308              41993             2289.240190     
       46.30               5.016308              42094             2291.134124     
       46.40               5.016308              42111             2014.573423     
       46.50               5.016308              42246             1563.156012     
       46.60               5.016308              42333             1693.303306     
       46.70               5.016308              42032             1746.958983     
       46.80               5.016308              42153             1778.766800     
       46.90               5.016308              42098             1745.635827     
       47.00               5.016308              42050             1848.020639     
       47.10               5.016308              41973             2008.058368     
       47.20               5.016308              42045             2063.672774     
       47.30               5.016308              42243             2017.158084     
       47.40               5.016308              42330             2124.127146     
       47.50               5.016308              42294             2139.648140     
       47.60               5.016308              42261             2190.418539     
       47.70               5.016308              42198             1870.635396     
       47.80               5.016308              42240             2050.091517     
       47.90               5.016308              42272             1972.266631     
       48.00               5.016308              42455             2127.399027     
       48.10               5.016308              42388             2016.666288     
       48.20               5.016308              42338             1827.082051     
       48.30               5.016308              42212             1925.592743     
       48.40               5.016308              42249             2192.502120     
       48.50               5.016308              42272             2178.524431     
       48.60               5.016308              42405             2003.955546     
       48.70               5.016308              42467             2233.914760     
       48.80               5.016308              42489             2037.209764     
       48.90               5.016308              42361             1993.426554     
       49.00               5.016308              42388             1799.064254     
       49.10               5.016308              42306             1728.066327     
       49.20               5.016308              42321             1786.096481     
       49.30               5.016308              42161             2096.251688     
       49.40               5.016308              42209             2381.687666     
       49.50               5.016308              42294             2460.169779     
       49.60               5.016308              42148             2356.514643     
       49.70               5.016308              42135             2320.124017     
       49.80               5.016308              42130             2129.414604     
       49.90               5.016308              42187             2208.344180     
       50.00               5.016308              42230             1888.577706     
       50.10               5.016308              42158             2104.496818     
       50.20               5.016308              42053             2073.228843     
       50.30               5.016308              42088             1749.444465     
       50.40               5.016308              42176             1713.166769     
       50.50               5.016308              42148             1883.130376     
       50.60               5.016308              41928             1838.644580     
       50.70               5.016308              41788             1865.867907     
       50.80               5.016308              41785             1971.569340     
       50.90               5.016308              41883             2095.447131     
       51.00               5.016308              41926             2041.783965     
       51.10               5.016308              41910             1875.729586     
       51.20               5.016308              41875             1680.562998     
       51.30               5.016308              42024             1638.518620     
       51.40               5.016308              41993             1833.692512     
       51.50               5.016308              41983             1878.851442     
       51.60               5.016308              41978             1935.229308     
       51.70               5.016308              42149             2156.678699     
       51.80               5.016308              42214             2193.794372     
       51.90               5.016308              42262             2238.970885     
       52.00               5.016308              42329             2416.288468     
       52.10               5.016308              42378             2444.992365     
       52.20               5.016308              42338             2258.550862     
       52.30               5.016308              42264             2169.392007     
       52.40               5.016308              42135             1884.335094     
       52.50               5.016308              42183             1802.532394     
       52.60               5.016308              42297             1667.844278     
       52.70               5.016308              42324             1778.497601     
       52.80               5.016308              42268             2086.135966     
       52.90               5.016308              42229             2193.017864     
       53.00               5.016308              42365             2080.608908     
       53.10               5.016308              42477             2318.224367     
       53.20               5.016308              42400             2407.334161     
       53.30               5.016308              42258             2469.424465     
       53.40               5.016308              42312             2648.826921     
       53.50               5.016308              42115             2399.224179     
       53.60               5.016308              42028             2272.904847     
       53.70               5.016308              41831             2073.216018     
       53.80               5.016308              41802             2289.029068     
       53.90               5.016308              41769             2497.351206     
       54.00               5.016308              41638             2552.985464     
       54.10               5.016308              41727             2144.735928     
       54.20               5.016308              41697             2257.027449     
       54.30               5.016308              41714             2129.629225     
       54.40               5.016308              41815             2142.687916     
       54.50               5.016308              42046             2012.426650     
       54.60               5.016308              42330             1924.655260     
       54.70               5.016308              42467             2189.579786     
       54.80               5.016308              42603             1929.679592     
       54.90               5.016308              42667             1880.179277     
       55.00               5.016308              42595             1907.813863     
       55.10               5.016308              42479             1940.684935     
       55.20               5.016308              42478             1961.747507     
       55.30               5.016308              42374             1749.445691     
       55.40               5.016308              42238             1963.599381     
       55.50               5.016308              42165             1953.353767     
       55.60               5.016308              41995             1783.323682     
       55.70               5.016308              42076             1707.110008     
       55.80               5.016308              41958             1721.255733     
       55.90               5.016308              41815             1857.752422     
       56.00               5.016308              41558             1867.865390     
       56.10               5.016308              41460             2005.895474     
       56.20               5.016308              41528             2131.786015     
       56.30               5.016308              41581             1972.494280     
       56.40               5.016308              41591             2066.930242     
       56.50               5.016308              41639             2000.646424     
       56.60               5.016308              41775             2255.923232     
       56.70               5.016308              41881             2230.994842     
       56.80               5.016308              42014             2032.253837     
       56.90               5.016308              41955             2114.805230     
       57.00               5.016308              42049             2168.493392     
       57.10               5.016308              42150             1985.639046     
       57.20               5.016308              42152             1774.260757     
       57.30               5.016308              42354             1933.534042     
       57.40               5.016308              42445             2174.518971     
       57.50               5.016308              42493             1902.150239     
       57.60               5.016308              42569             1961.487216     
       57.70               5.016308              42668             1917.604372     
       57.80               5.016308              42793             2040.159091     
       57.90               5.016308              42821             2046.268749     
       58.00               5.016308              42872             1841.296108     
       58.10               5.016308              42859             1829.301503     
       58.20               5.016308              42654             1455.844821     
       58.30               5.016308              42357             1708.654974     
       58.40               5.016308              42299             1809.780557     
       58.50               5.016308              42041             2029.966430     
       58.60               5.016308              41930             2187.481813     
       58.70               5.016308              41813             2485.694000     
       58.80               5.016308              41592             2499.337864     
       58.90               5.016308              41638             2221.361150     
       59.00               5.016308              41756             2191.701737     
       59.10               5.016308              41790             2156.095196     
       59.20               5.016308              41825             2239.942640     
       59.30               5.016308              41949             2148.538018     
       59.40               5.016308              42132             1976.084937     
       59.50               5.016308              42291             2161.690828     
       59.60               5.016308              42299             1838.400762     
       59.70               5.016308              42330             1717.521136     
       59.80               5.016308              42234             1737.195822     
       59.90               5.016308              42173             1727.051082     
       60.00               5.016308              42095             1857.744596     
       60.10               5.016308              42156             2014.202941     
       60.20               5.016308              42194             1802.857874     
       60.30               5.016308              42242             1896.218199     
       60.40               5.016308              42238             1824.468964     
       60.50               5.016308              42201             1975.218774     
       60.60               5.016308              42219             1916.005773     
       60.70               5.016308              42135             1879.932879     
       60.80               5.016308              42207             1813.817038     
       60.90               5.016308              42257             1903.679225     
       61.00               5.016308              42245             2260.166829     
       61.10               5.016308              42091             2233.277576     
       61.20               5.016308              41978             2193.178431     
       61.30               5.016308              41835             1880.498130     
       61.40               5.016308              41911             2159.334216     
       61.50               5.016308              41974             2330.029707     
       61.60               5.016308              41946             2045.950798     
       61.70               5.016308              42089             2174.864412     
       61.80               5.016308              42143             2009.532788     
       61.90               5.016308              42449             2290.060948     
       62.00               5.016308              42611             2433.535878     
       62.10               5.016308              42859             2168.493464     
       62.20               5.016308              42949             2289.124136     
       62.30               5.016308              43069             2111.070826     
       62.40               5.016308              42930             2144.890874     
       62.50               5.016308              42893             1933.304623     
       62.60               5.016308              42966             1870.355234     
       62.70               5.016308              42719             2080.197253     
       62.80               5.016308              42547             2126.171525     
       62.90               5.016308              42461             1940.451428     
       63.00               5.016308              42220             2009.790764     
       63.10               5.016308              42142             2120.289485     
       63.20               5.016308              42023             2124.163969     
       63.30               5.016308              41970             1951.888921     
       63.40               5.016308              41876             2000.201117     
       63.50               5.016308              41914             2172.075339     
       63.60               5.016308              41970             2073.055869     
       63.70               5.016308              42012             2356.877775     
       63.80               5.016308              42206             2491.559349     
       63.90               5.016308              42415             2163.522266     
       64.00               5.016308              42510             2281.010497     
       64.10               5.016308              42500             2000.359326     
       64.20               5.016308              42495             1972.676316     
       64.30               5.016308              42601             2258.025827     
       64.40               5.016308              42616             2606.730506     
       64.50               5.016308              42752             2376.806794     
       64.60               5.016308              42761             2246.017590     
       64.70               5.016308              42822             2324.928108     
       64.80               5.016308              42677             2520.657642     
       64.90               5.016308              42559             2191.630856     
       65.00               5.016308              42493             1858.601242     
       65.10               5.016308              42506             1847.056318     
       65.20               5.016308              42481             2052.204667     
       65.30               5.016308              42396             2260.370865     
       65.40               5.016308              42430             2282.341745     
       65.50               5.016308              42228             2325.263352     
       65.60               5.016308              42030             2282.288657     
       65.70               5.016308              42024             1998.933976     
       65.80               5.016308              42006             1993.269410     
       65.90               5.016308              41911             2403.553627     
       66.00               5.016308              41999             2010.594496     
       66.10               5.016308              42013             2100.207006     
       66.20               5.016308              42126             1811.587346     
       66.30               5.016308              42089             1906.596856     
       66.40               5.016308              42120             2036.415293     
       66.50               5.016308              42172             2003.642400     
       66.60               5.016308              42336             2104.425194     
       66.70               5.016308              42331             2105.305999     
       66.80               5.016308              42242             2022.016742     
       66.90               5.016308              41985             2195.507078     
       67.00               5.016308              42095             2277.383444     
       67.10               5.016308              41948             2167.952750     
       67.20               5.016308              42074             2256.780174     
       67.30               5.016308              42178             2235.883138     
       67.40               5.016308              42288             2482.340438     
       67.50               5.016308              42288             2520.911796     
       67.60               5.016308              42474             2110.759070     
       67.70               5.016308              42487             2309.856753     
       67.80               5.016308              42521             2161.465164     
       67.90               5.016308              42656             2015.785315     
       68.00               5.016308              42662             1961.166515     
       68.10               5.016308              42599             1931.114935     
       68.20               5.016308              42515             1846.949363     
       68.30               5.016308              42458             1813.729844     
       68.40               5.016308              42535             1692.311029     
       68.50               5.016308              42537             1765.357192     
       68.60               5.016308              42518             1657.081568     
       68.70               5.016308              42424             1642.460136     
       68.80               5.016308              42548             1665.690254     
       68.90               5.016308              42619             1631.885127     
       69.00               5.016308              42573             1684.216585     
       69.10               5.016308              42535             1807.146847     
       69.20               5.016308              42464             2074.722590     
       69.30               5.016308              42343             1915.698990     
       69.40               5.016308              42259             1873.092269     
       69.50               5.016308              42258             2057.120868     
       69.60               5.016308              42445             2124.209129     
       69.70               5.016308              42421             1879.610866     
       69.80               5.016308              42567             2010.649398     
       69.90               5.016308              42714             1963.620460     
       70.00               5.016308              42738             2204.879355     
       70.10               5.016308              42542             2026.458942     
       70.20               5.016308              42258             2065.938996     
       70.30               5.016308              42145             1982.704281     
       70.40               5.016308              42154             1932.557353     
       70.50               5.016308              42055             2022.504408     
       70.60               5.016308              42000             2286.586231     
       70.70               5.016308              42079             2235.273802     
       70.80               5.016308              42039             2284.460152     
       70.90               5.016308              41810             2111.959034     
       71.00               5.016308              41770             2066.053660     
       71.10               5.016308              41744             2297.262244     
       71.20               5.016308              41733             2156.422095     
       71.30               5.016308              41887             2072.174077     
       71.40               5.016308              41966             1941.487302     
       71.50               5.016308              42045             1843.901372     
       71.60               5.016308              42147             1812.418958     
       71.70               5.016308              42208             1944.089696     
       71.80               5.016308              42268             1889.760717     
       71.90               5.016308              42319             1912.669406     
       72.00               5.016308              42187             1760.337592     
       72.10               5.016308              42210             2074.717877     
       72.20               5.016308              42192             1928.019984     
       72.30               5.016308              42088             1742.900002     
       72.40               5.016308              42169             1800.401998     
       72.50               5.016308              42179             1767.970370     
       72.60               5.016308              42078             1969.835157     
       72.70               5.016308              42113             1862.206528     
       72.80               5.016308              42003             2167.202884     
       72.90               5.016308              41984             1976.701682     
       73.00               5.016308              41897             2143.268052     
       73.10               5.016308              41850             2193.417728     
       73.20               5.016308              41872             2304.753867     
       73.30               5.016308              42091             2281.115558     
       73.40               5.016308              42132             2535.534451     
       73.50               5.016308              42248             2689.071888     
       73.60               5.016308              42247             2197.847173     
       73.70               5.016308              42180             2389.369240     
       73.80               5.016308              42380             2063.297490     
       73.90               5.016308              42356             2078.276314     
       74.00               5.016308              42270             1969.217519     
       74.10               5.016308              42120             2034.998070     
       74.20               5.016308              42147             1912.753710     
       74.30               5.016308              42373             2150.394767     
       74.40               5.016308              42540             1881.800364     
       74.50               5.016308              42570             2153.522466     
       74.60               5.016308              42619             1917.659497     
       74.70               5.016308              42521             1880.810294     
       74.80               5.016308              42405             1665.511623     
       74.90               5.016308              42388             1635.155868     
       75.00               5.016308              42488             1602.181985     
       75.10               5.016308              42524             1578.174161     
       75.20               5.016308              42477             1744.314590     
       75.30               5.016308              42255             1781.532632     
       75.40               5.016308              42275             2025.974269     
       75.50               5.016308              42230             2106.808742     
       75.60               5.016308              42419             2049.211195     
       75.70               5.016308              42364             1966.379243     
       75.80               5.016308              42356             2078.135357     
       75.90               5.016308              42371             1911.666420     
       76.00               5.016308              42366             1760.796158     
       76.10               5.016308              42360             1554.590122     
       76.20               5.016308              42340             1854.657213     
       76.30               5.016308              42408             1816.652491     
       76.40               5.016308              42504             2052.776492     
       76.50               5.016308              42717             2161.941057     
       76.60               5.016308              42792             2177.802829     
       76.70               5.016308              42669             2066.417179     
       76.80               5.016308              42577             2017.113866     
       76.90               5.016308              42354             2009.556673     
       77.00               5.016308              42242             2147.157489     
       77.10               5.016308              42360             2045.378507     
       77.20               5.016308              42359             2070.567594     
       77.30               5.016308              42302             1822.338703     
       77.40               5.016308              42239             1826.928718     
       77.50               5.016308              42270             1744.476039     
       77.60               5.016308              42348             1732.049734     
       77.70               5.016308              42238             1660.907430     
       77.80               5.016308              42273             2069.479283     
       77.90               5.016308              42426             1968.183747     
       78.00               5.016308              42592             2010.133785     
       78.10               5.016308              42543             1962.178133     
       78.20               5.016308              42542             2193.020181     
       78.30               5.016308              42556             1960.609946     
       78.40               5.016308              42627             2199.499808     
       78.50               5.016308              42708             2142.045652     
       78.60               5.016308              42728             2034.898220     
       78.70               5.016308              42534             2262.649697     
       78.80               5.016308              42479             2023.736370     
       78.90               5.016308              42273             2090.666655     
       79.00               5.016308              42095             2249.789831     
       79.10               5.016308              42088             2313.442683     
       79.20               5.016308              42194             2422.210269     
       79.30               5.016308              42101             2467.128346     
       79.40               5.016308              41968             2357.910679     
       79.50               5.016308              41902             2253.864009     
       79.60               5.016308              41803             1908.756744     
       79.70               5.016308              41895             2081.634517     
       79.80               5.016308              41988             2360.055176     
       79.90               5.016308              42118             2410.712041     
       80.00               5.016308              42250             2400.132465     
       80.10               5.016308              42363             2183.569130     
       80.20               5.016308              42372             2287.044345     
       80.30               5.016308              42489             2277.272833     
       80.40               5.016308              42507             2363.658636     
       80.50               5.016308              42589             2266.322959     
       80.60               5.016308              42328             1989.411711     
       80.70               5.016308              42196             2220.242460     
       80.80               5.016308              42297             2205.638711     
       80.90               5.016308              42305             2243.844662     
       81.00               5.016308              42153             2210.653371     
       81.10               5.016308              42002             1629.521302     
       81.20               5.016308              41853             1586.270849     
       81.30               5.016308              41907             1411.760864     
       81.40               5.016308              41958             1821.938172     
       81.50               5.016308              42023             2122.853119     
       81.60               5.016308              42221             2121.311645     
       81.70               5.016308              42317             2139.693409     
       81.80               5.016308              42360             1962.586726     
       81.90               5.016308              42359             2043.424906     
       82.00               5.016308              42247             2161.959843     
       82.10               5.016308              42212             2013.021108     
       82.20               5.016308              42318             2190.468902     
       82.30               5.016308              42356             2198.479485     
       82.40               5.016308              42483             2144.946439     
       82.50               5.016308              42345             2185.423358     
       82.60               5.016308              42251             2008.238470     
       82.70               5.016308              42215             1726.769344     
       82.80               5.016308              42420             1955.193816     
       82.90               5.016308              42715             2011.981907     
       83.00               5.016308              42472             2022.527402     
       83.10               5.016308              42338             2130.133917     
       83.20               5.016308              42198             2389.220282     
       83.30               5.016308              42102             2499.045834     
       83.40               5.016308              42277             2298.068153     
       83.50               5.016308              42301             2330.524156     
       83.60               5.016308              42211             2137.243898     
       83.70               5.016308              42098             1986.957433     
       83.80               5.016308              42179             1935.309598     
       83.90               5.016308              42355             1733.429204     
       84.00               5.016308              42268             1827.214574     
       84.10               5.016308              42249             1619.240495     
       84.20               5.016308              42249             1922.627027     
       84.30               5.016308              42340             2051.160801     
       84.40               5.016308              42418             2010.578563     
       84.50               5.016308              42255             2280.508233     
       84.60               5.016308              42276             2280.455031     
       84.70               5.016308              42321             2012.354794     
       84.80               5.016308              42245             1832.588601     
       84.90               5.016308              42307             1728.453669     
       85.00               5.016308              42363             1723.995694     
       85.10               5.016308              42461             1505.822182     
       85.20               5.016308              42436             1692.032871     
       85.30               5.016308              42286             1711.692025     
       85.40               5.016308              42140             1442.240386     
       85.50               5.016308              42058             1522.384032     
       85.60               5.016308              42040             1497.819354     
       85.70               5.016308              41999             1733.267599     
       85.80               5.016308              42073             1984.854796     
       85.90               5.016308              41985             1979.486820     
       86.00               5.016308              41859             2105.012663     
       86.10               5.016308              41790             2232.892053     
       86.20               5.016308              41819             2304.034323     
       86.30               5.016308              41803             2256.037369     
       86.40               5.016308              41989             2228.422717     
       86.50               5.016308              42012             2273.476102     
       86.60               5.016308              42303             1875.990986     
       86.70               5.016308              42533             1986.646807     
       86.80               5.016308              42727             1811.725020     
       86.90               5.016308              42912             1501.056380     
       87.00               5.016308              42941             1549.308165     
       87.10               5.016308              42863             1715.725561     
       87.20               5.016308              42900             1634.589726     
       87.30               5.016308              42715             1360.200663     
       87.40               5.016308              42598             1680.995408     
       87.50               5.016308              42418             1896.773418     
       87.60               5.016308              42327             2031.931038     
       87.70               5.016308              42108             2215.827627     
       87.80               5.016308              41983             2279.559169     
       87.90               5.016308              41960             2136.035330     
       88.00               5.016308              42034             2016.679459     
       88.10               5.016308              42132             2138.943776     
       88.20               5.016308              42241             2192.332754     
       88.30               5.016308              42161             2207.043793     
       88.40               5.016308              42097             2381.826627     
       88.50               5.016308              41957             2501.993756     
       88.60               5.016308              41930             2598.980732     
       88.70               5.016308              41919             2626.883889     
       88.80               5.016308              41941             2806.138816     
       88.90               5.016308              41884             2593.541716     
       89.00               5.016308              41910             2533.188519     
       89.10               5.016308              41940             2279.040928     
       89.20               5.016308              41958             1979.020666     
       89.30               5.016308              42206             2100.220486     
       89.40               5.016308              42149             1883.394692     
       89.50               5.016308              42241             1744.795912     
       89.60               5.016308              42323             1820.524505     
       89.70               5.016308              42508             1991.423577     
       89.80               5.016308              42613             1805.513690     
       89.90               5.016308              42718             2010.163474     
       90.00               5.016308              42585             1656.745222     
       90.10               5.016308              42439             1753.027252     
       90.20               5.016308              42362             1802.659110     
       90.30               5.016308              42367             1926.672161     
       90.40               5.016308              42395             1850.522308     
       90.50               5.016308              42401             1924.946491     
       90.60               5.016308              42444             2278.623568     
       90.70               5.016308              42705             2330.076674     
       90.80               5.016308              42786             1987.388303     
       90.90               5.016308              42922             2057.033030     
       91.00               5.016308              42916             1948.716148     
       91.10               5.016308              42816             1882.723790     
       91.20               5.016308              42793             1947.254218     
       91.30               5.016308              42741             1987.938193     
       91.40               5.016308              42646             1886.735804     
       91.50               5.016308              42711             1933.806175     
       91.60               5.016308              42658             1789.084988     
       91.70               5.016308              42747             1732.521417     
       91.80               5.016308              42766             1797.072826     
       91.90               5.016308              42498             1850.134920     
       92.00               5.016308              42404             2100.399419     
       92.10               5.016308              42331             1920.740978     
       92.20               5.016308              42238             2167.939467     
       92.30               5.016308              42336             2188.665335     
       92.40               5.016308              42596             2221.045308     
       92.50               5.016308              42622             2050.123839     
       92.60               5.016308              42624             1945.894849     
       92.70               5.016308              42475             1804.186023     
       92.80               5.016308              42207             1619.213351     
       92.90               5.016308              42129             1676.609197     
       93.00               5.016308              42009             1651.835938     
       93.10               5.016308              42056             2075.859764     
       93.20               5.016308              42263             2364.171554     
       93.30               5.016308              42313             2248.901781     
       93.40               5.016308              42322             2109.670884     
       93.50               5.016308              42428             2416.154696     
       93.60               5.016308              42370             2331.027786     
       93.70               5.016308              42268             2022.229027     
       93.80               5.016308              42459             2174.771705     
       93.90               5.016308              42596             1910.753137     
       94.00               5.016308              42572             1915.129689     
       94.10               5.016308              42444             2042.497703     
       94.20               5.016308              42585             1899.801227     
       94.30               5.016308              42552             1843.140484     
       94.40               5.016308              42476             2031.007877     
       94.50               5.016308              42541             2063.661516     
       94.60               5.016308              42596             1896.130030     
       94.70               5.016308              42468             1474.577379     
       94.80               5.016308              42348             1879.611947     
       94.90               5.016308              42252             1810.887033     
       95.00               5.016308              42162             1847.046464     
       95.10               5.016308              42046             1921.366964     
       95.20               5.016308              42141             2027.529062     
       95.30               5.016308              42321             1955.837054     
       95.40               5.016308              42346             1916.400715     
       95.50               5.016308              42497             1909.851695     
       95.60               5.016308              42470             2236.549124     
       95.70               5.016308              42404             2298.270697     
       95.80               5.016308              42361             1893.223193     
       95.90               5.016308              42298             1899.418439     
       96.00               5.016308              41985             1912.604750     
       96.10               5.016308              42033             2101.898915     
       96.20               5.016308              42100             1990.245867     
       96.30               5.016308              42192             1662.336183     
       96.40               5.016308              42312             2144.102448     
       96.50               5.016308              42264             1943.214387     
       96.60               5.016308              42246             1881.787619     
       96.70               5.016308              42158             1856.223583     
       96.80               5.016308              42012             2055.357969     
       96.90               5.016308              42080             2445.894567     
       97.00               5.016308              42138             2396.253125     
       97.10               5.016308              42250             2456.236176     
       97.20               5.016308              42256             2243.208644     
       97.30               5.016308              42294             2093.460168     
       97.40               5.016308              42289             2087.146463     
       97.50               5.016308              42314             2184.460551     
       97.60               5.016308              42294             2035.006714     
       97.70               5.016308              42434             1903.347341     
       97.80               5.016308              42576             1859.951744     
       97.90               5.016308              42616             1846.077432     
       98.00               5.016308              42649             2211.587806     
       98.10               5.016308              42684             2143.705432     
       98.20               5.016308              42679             1811.652973     
       98.30               5.016308              42642             1895.973529     
       98.40               5.016308              42696             1807.725336     
       98.50               5.016308              42613             1793.410449     
       98.60               5.016308              42543             1609.224017     
       98.70               5.016308              42505             1752.971265     
       98.80               5.016308              42567             2013.175906     
       98.90               5.016308              42673             1778.930126     
       99.00               5.016308              42609             1770.076166     
       99.10               5.016308              42615             1835.923806     
       99.20               5.016308              42564             1740.973152     
       99.30               5.016308              42606             1718.672750     
       99.40               5.016308              42581             1692.729779     
       99.50               5.016308              42452             1600.185884     
       99.60               5.016308              42321             1710.254225     
       99.70               5.016308              42359             2034.023683     
       99.80               5.016308              42295             1790.548486     
