        tauB               sizeBin             clust_size      press_align
        0.00               5.016308              16892             2955.375793     
        0.10               5.016308              16699             2493.259334     
        0.20               5.016308              17057             2042.763239     
        0.30               5.016308              17354             1634.536034     
        0.40               5.016308              17644             1322.550088     
        0.50               5.016308              17966             1074.008495     
        0.60               5.016308              18277              948.684446     
        0.70               5.016308              18628              780.121508     
        0.80               5.016308              18753              660.273380     
        0.90               5.016308              19063              587.268715     
        1.00               5.016308              19210              505.574238     
        1.10               5.016308              19299              482.610931     
        1.20               5.016308              19538              418.609859     
        1.30               5.016308              19592              376.868274     
        1.40               5.016308              19757              338.931169     
        1.50               5.016308              19898              380.438852     
        1.60               5.016308              20101              377.587828     
        1.70               5.016308              20242              356.137998     
        1.80               5.016308              20335              328.340090     
        1.90               5.016308              20547              387.836155     
        2.00               5.016308              20440              291.351050     
        2.10               5.016308              20599              305.628911     
        2.20               5.016308              20889              265.844564     
        2.30               5.016308              21081              291.796951     
        2.40               5.016308              21208              309.315529     
        2.50               5.016308              21349              256.783509     
        2.60               5.016308              21140              300.526741     
        2.70               5.016308              21346              324.973584     
        2.80               5.016308              21333              305.324229     
        2.90               5.016308              21294              359.564714     
        3.00               5.016308              21353              349.568070     
        3.10               5.016308              21567              326.359238     
        3.20               5.016308              21488              389.456373     
        3.30               5.016308              21576              338.434627     
        3.40               5.016308              21430              232.483663     
        3.50               5.016308              21646              257.391086     
        3.60               5.016308              21428              378.325407     
        3.70               5.016308              21586              349.189363     
        3.80               5.016308              21691              332.377440     
        3.90               5.016308              21491              300.888654     
        4.00               5.016308              21576              324.588717     
        4.10               5.016308              21711              346.130612     
        4.20               5.016308              21713              329.065169     
        4.30               5.016308              21598              334.334489     
        4.40               5.016308              21779              214.461548     
        4.50               5.016308              21826              232.645715     
        4.60               5.016308              21802              295.911349     
        4.70               5.016308              21599              386.381478     
        4.80               5.016308              21852              354.896448     
        4.90               5.016308              21963              323.542716     
        5.00               5.016308              22199              266.163823     
        5.10               5.016308              22241              290.545819     
        5.20               5.016308              22044              322.634060     
        5.30               5.016308              21850              351.642004     
        5.40               5.016308              22046              344.377411     
        5.50               5.016308              21805              415.961735     
        5.60               5.016308              21905              363.686401     
        5.70               5.016308              22005              346.977942     
        5.80               5.016308              22008              348.420782     
        5.90               5.016308              22116              366.239688     
        6.00               5.016308              22082              398.149060     
        6.10               5.016308              22092              314.646776     
        6.20               5.016308              22098              276.959007     
        6.30               5.016308              22064              221.972094     
        6.40               5.016308              22348              232.394756     
        6.50               5.016308              22046              244.550111     
        6.60               5.016308              22270              243.527961     
        6.70               5.016308              22475              244.057348     
        6.80               5.016308              22189              236.936301     
        6.90               5.016308              22267              230.904355     
        7.00               5.016308              22218              216.195076     
        7.10               5.016308              22342              238.319837     
        7.20               5.016308              22206              261.190859     
        7.30               5.016308              22226              219.531031     
        7.40               5.016308              22341              275.401832     
        7.50               5.016308              22321              293.973729     
        7.60               5.016308              22228              290.392933     
        7.70               5.016308              22359              242.715745     
        7.80               5.016308              22196              300.604645     
        7.90               5.016308              22319              267.034221     
        8.00               5.016308              22175              274.407013     
        8.10               5.016308              22220              300.085552     
        8.20               5.016308              22528              252.300543     
        8.30               5.016308              22538              280.071282     
        8.40               5.016308              22397              302.893020     
        8.50               5.016308              22366              329.202352     
        8.60               5.016308              22298              265.203928     
        8.70               5.016308              22291              301.965726     
        8.80               5.016308              22623              298.367195     
        8.90               5.016308              22641              275.493708     
        9.00               5.016308              22607              305.388296     
        9.10               5.016308              23117              321.956954     
        9.20               5.016308              22778              343.990438     
        9.30               5.016308              22664              372.589771     
        9.40               5.016308              22746              338.108244     
        9.50               5.016308              22700              304.366230     
        9.60               5.016308              22919              343.469607     
        9.70               5.016308              22878              304.820057     
        9.80               5.016308              22731              327.922558     
        9.90               5.016308              23382              290.312228     
       10.00               5.016308              22718              282.157357     
       10.10               5.016308              23049              315.605826     
       10.20               5.016308              22473              240.269149     
       10.30               5.016308              23286              309.068395     
       10.40               5.016308              23003              241.445314     
       10.50               5.016308              22456              247.254556     
       10.60               5.016308              22563              275.421655     
       10.70               5.016308              22324              292.109119     
       10.80               5.016308              22626              325.850648     
       10.90               5.016308              22014              351.294699     
       11.00               5.016308              22085              356.775905     
       11.10               5.016308              21910              352.772751     
       11.20               5.016308              22181              337.861322     
       11.30               5.016308              22426              370.404584     
       11.40               5.016308              22286              383.598862     
       11.50               5.016308              22002              301.989386     
       11.60               5.016308              21962              303.733174     
       11.70               5.016308              22115              289.934881     
       11.80               5.016308              22333              356.592797     
       11.90               5.016308              22439              339.030993     
       12.00               5.016308              22569              309.476860     
       12.10               5.016308              22270              297.405042     
       12.20               5.016308              22185              362.449659     
       12.30               5.016308              22363              368.888857     
       12.40               5.016308              22467              294.542489     
       12.50               5.016308              22465              239.130908     
       12.60               5.016308              22804              218.084275     
       12.70               5.016308              22406              207.138850     
       12.80               5.016308              22238              226.966829     
       12.90               5.016308              22559              253.631870     
       13.00               5.016308              22272              197.124345     
       13.10               5.016308              22790              227.162985     
       13.20               5.016308              22218              273.144256     
       13.30               5.016308              22316              277.226952     
       13.40               5.016308              22404              284.416161     
       13.50               5.016308              22380              249.292449     
       13.60               5.016308              22280              309.598063     
       13.70               5.016308              22609              313.207035     
       13.80               5.016308              22401              190.732144     
       13.90               5.016308              22291              245.844263     
       14.00               5.016308              22681              214.437559     
       14.10               5.016308              22580              245.032690     
       14.20               5.016308              22732              221.839907     
       14.30               5.016308              23027              200.128830     
       14.40               5.016308              22511              192.947975     
       14.50               5.016308              22694              246.279068     
       14.60               5.016308              23515              192.490509     
       14.70               5.016308              22877              193.589867     
       14.80               5.016308              23295              169.251159     
       14.90               5.016308              22982              235.792510     
       15.00               5.016308              22656              279.009856     
       15.10               5.016308              22517              241.324548     
       15.20               5.016308              22342              241.808327     
       15.30               5.016308              22173              218.824106     
       15.40               5.016308              22465              165.078908     
       15.50               5.016308              22419              197.614816     
       15.60               5.016308              22964              214.729825     
       15.70               5.016308              22808              160.513789     
       15.80               5.016308              22718              225.314905     
       15.90               5.016308              22744              206.817732     
       16.00               5.016308              23171              286.119191     
       16.10               5.016308              22998              233.307771     
       16.20               5.016308              22680              257.841921     
       16.30               5.016308              22902              281.307569     
       16.40               5.016308              23326              248.652791     
       16.50               5.016308              23032              231.883318     
       16.60               5.016308              22850              193.926349     
       16.70               5.016308              22855              328.873394     
       16.80               5.016308              23339              301.101580     
       16.90               5.016308              23031              318.698216     
       17.00               5.016308              23575              252.339712     
       17.10               5.016308              23213              229.770409     
       17.20               5.016308              23237              245.607623     
       17.30               5.016308              23480              273.769351     
       17.40               5.016308              23091              254.031358     
       17.50               5.016308              22709              301.714696     
       17.60               5.016308              22645              264.377359     
       17.70               5.016308              23062              270.217946     
       17.80               5.016308              22576              318.597538     
       17.90               5.016308              22695              380.019923     
       18.00               5.016308              22378              313.019280     
       18.10               5.016308              22245              286.334222     
       18.20               5.016308              22180              243.086877     
       18.30               5.016308              22258              166.674477     
       18.40               5.016308              22436              243.144908     
       18.50               5.016308              22699              260.909417     
       18.60               5.016308              22483              329.552132     
       18.70               5.016308              22364              285.957104     
       18.80               5.016308              22333              244.708215     
       18.90               5.016308              22446              323.622326     
       19.00               5.016308              22656              331.229752     
       19.10               5.016308              22389              320.573775     
       19.20               5.016308              22603              343.617002     
       19.30               5.016308              22544              296.949243     
       19.40               5.016308              22165              330.552773     
       19.50               5.016308              22703              372.223481     
       19.60               5.016308              22722              414.047839     
       19.70               5.016308              22300              327.778034     
       19.80               5.016308              22565              287.298522     
       19.90               5.016308              22109              328.966614     
       20.00               5.016308              22007              337.732755     
       20.10               5.016308              22035              288.332310     
       20.20               5.016308              22139              292.719511     
       20.30               5.016308              22375              280.421433     
       20.40               5.016308              21994              258.846967     
       20.50               5.016308              21614              223.357751     
       20.60               5.016308              21938              203.193271     
       20.70               5.016308              22015              232.473601     
       20.80               5.016308              22101              262.454279     
       20.90               5.016308              21880              258.307676     
       21.00               5.016308              21930              295.046822     
       21.10               5.016308              22040              312.433670     
       21.20               5.016308              22158              323.118316     
       21.30               5.016308              22257              330.496661     
       21.40               5.016308              22259              273.899048     
       21.50               5.016308              22098              206.434642     
       21.60               5.016308              22406              271.801168     
       21.70               5.016308              22931              215.836698     
       21.80               5.016308              22620              268.903881     
       21.90               5.016308              22950              301.087957     
       22.00               5.016308              22973              309.864583     
       22.10               5.016308              22832              307.187034     
       22.20               5.016308              23257              305.755886     
       22.30               5.016308              23220              338.041779     
       22.40               5.016308              23089              342.496035     
       22.50               5.016308              23137              288.173053     
       22.60               5.016308              22727              282.710916     
       22.70               5.016308              22692              326.148014     
       22.80               5.016308              22557              321.237095     
       22.90               5.016308              22526              366.900376     
       23.00               5.016308              22641              295.569858     
       23.10               5.016308              22529              273.597294     
       23.20               5.016308              22184              326.244039     
       23.30               5.016308              21931              257.597150     
       23.40               5.016308              22338              264.916276     
       23.50               5.016308              21586              207.634702     
       23.60               5.016308              21533              308.156754     
       23.70               5.016308              21878              335.216451     
       23.80               5.016308              22757              343.910858     
       23.90               5.016308              23232              298.043426     
       24.00               5.016308              22114              270.038416     
       24.10               5.016308              22666              267.159288     
       24.20               5.016308              22312              237.826195     
       24.30               5.016308              22326              336.103421     
       24.40               5.016308              22210              254.549397     
       24.50               5.016308              22265              232.517356     
       24.60               5.016308              22296              232.419454     
       24.70               5.016308              21996              244.308753     
       24.80               5.016308              22429              272.379136     
       24.90               5.016308              21696              217.754139     
       25.00               5.016308              22541              314.896183     
       25.10               5.016308              21401              274.039019     
       25.20               5.016308              21842              310.438135     
       25.30               5.016308              22014              273.198548     
       25.40               5.016308              22174              241.029985     
       25.50               5.016308              21732              325.454532     
       25.60               5.016308              22253              244.065948     
       25.70               5.016308              21828              263.145532     
       25.80               5.016308              21716              303.553724     
       25.90               5.016308              21450              288.028331     
       26.00               5.016308              21754              263.486614     
       26.10               5.016308              21731              264.948786     
       26.20               5.016308              21632              256.653724     
       26.30               5.016308              22009              252.449221     
       26.40               5.016308              21735              184.232154     
       26.50               5.016308              21389              283.888373     
       26.60               5.016308              21235              306.514439     
       26.70               5.016308              21722              331.470220     
       26.80               5.016308              21336              231.338390     
       26.90               5.016308              21712              236.232904     
       27.00               5.016308              21398              205.794557     
       27.10               5.016308              21272              290.946340     
       27.20               5.016308              21578              296.676463     
       27.30               5.016308              21230              354.575649     
       27.40               5.016308              21327              334.488231     
       27.50               5.016308              21501              369.670408     
       27.60               5.016308              21141              417.442743     
       27.70               5.016308              21162              352.667961     
       27.80               5.016308              21791              343.823378     
       27.90               5.016308              21985              347.470717     
       28.00               5.016308              21705              341.613430     
       28.10               5.016308              21906              318.943945     
       28.20               5.016308              21724              291.740651     
       28.30               5.016308              22153              318.782650     
       28.40               5.016308              21897              294.578672     
       28.50               5.016308              22284              356.927359     
       28.60               5.016308              22074              252.644371     
       28.70               5.016308              22666              273.222240     
       28.80               5.016308              22220              324.923350     
       28.90               5.016308              22308              341.082983     
       29.00               5.016308              22201              266.918589     
       29.10               5.016308              22300              271.297475     
       29.20               5.016308              22227              245.198370     
       29.30               5.016308              21950              208.649957     
       29.40               5.016308              21553              276.509668     
       29.50               5.016308              21913              285.923050     
       29.60               5.016308              21987              231.568345     
       29.70               5.016308              21725              237.622024     
       29.80               5.016308              21675              218.532688     
       29.90               5.016308              21689              290.431405     
       30.00               5.016308              21302              307.099157     
       30.10               5.016308              21644              336.770293     
       30.20               5.016308              21744              220.232152     
       30.30               5.016308              21387              235.005212     
       30.40               5.016308              21293              251.092511     
       30.50               5.016308              21532              314.904068     
       30.60               5.016308              21262              210.057918     
       30.70               5.016308              21257              222.606678     
       30.80               5.016308              21491              204.916641     
       30.90               5.016308              21278              120.328772     
       31.00               5.016308              21262              176.733287     
       31.10               5.016308              21322              165.642263     
       31.20               5.016308              21266              209.635078     
       31.30               5.016308              21335              166.939925     
       31.40               5.016308              21569              199.457014     
       31.50               5.016308              21643              259.995566     
       31.60               5.016308              21618              295.984553     
       31.70               5.016308              21588              277.436056     
       31.80               5.016308              21995              305.068818     
       31.90               5.016308              21670              332.516845     
       32.00               5.016308              21661              314.864346     
       32.10               5.016308              21674              342.363599     
       32.20               5.016308              21974              318.770931     
       32.30               5.016308              21789              310.661645     
       32.40               5.016308              22348              304.355378     
       32.50               5.016308              22302              330.419733     
       32.60               5.016308              22187              287.967897     
       32.70               5.016308              21903              249.090467     
       32.80               5.016308              22044              319.476233     
       32.90               5.016308              21708              438.896172     
       33.00               5.016308              22246              424.479833     
       33.10               5.016308              21429              391.316346     
       33.20               5.016308              21277              399.163861     
       33.30               5.016308              21414              399.665352     
       33.40               5.016308              21352              384.831696     
       33.50               5.016308              20990              335.557572     
       33.60               5.016308              20961              278.692352     
       33.70               5.016308              21102              285.073691     
       33.80               5.016308              21244              307.342724     
       33.90               5.016308              20841              304.584238     
       34.00               5.016308              20974              332.653703     
       34.10               5.016308              20851              322.231143     
       34.20               5.016308              21125              338.912909     
       34.30               5.016308              21258              318.742937     
       34.40               5.016308              21249              368.786116     
       34.50               5.016308              21281              269.907168     
       34.60               5.016308              21685              289.546684     
       34.70               5.016308              21293              293.495764     
       34.80               5.016308              21381              366.780545     
       34.90               5.016308              21056              377.619504     
       35.00               5.016308              21168              378.486577     
       35.10               5.016308              21270              339.950372     
       35.20               5.016308              21533              267.933144     
       35.30               5.016308              21280              271.246163     
       35.40               5.016308              21832              332.365684     
       35.50               5.016308              20896              262.517834     
       35.60               5.016308              20905              218.820687     
       35.70               5.016308              21198              222.761232     
       35.80               5.016308              20933              250.409019     
       35.90               5.016308              20498              240.372783     
       36.00               5.016308              21036              294.352127     
       36.10               5.016308              20590              229.635543     
       36.20               5.016308              20407              242.263135     
       36.30               5.016308              20704              229.087072     
       36.40               5.016308              20671              235.495771     
       36.50               5.016308              20713              306.531916     
       36.60               5.016308              20457              309.502653     
       36.70               5.016308              20080              300.901546     
       36.80               5.016308              20727              280.135733     
       36.90               5.016308              20599              291.637535     
       37.00               5.016308              20548              277.408625     
       37.10               5.016308              20654              295.589863     
       37.20               5.016308              20083              296.686216     
       37.30               5.016308              20399              337.338589     
       37.40               5.016308              19869              255.334099     
       37.50               5.016308              20237              274.835850     
       37.60               5.016308              20309              268.655883     
       37.70               5.016308              20575              223.558312     
       37.80               5.016308              19252              275.521692     
       37.90               5.016308              19872              292.300102     
       38.00               5.016308              20218              275.250042     
       38.10               5.016308              19421              269.472356     
       38.20               5.016308              19561              229.036495     
       38.30               5.016308              19942              262.100547     
       38.40               5.016308              19440              297.976497     
       38.50               5.016308              19253              338.363372     
       38.60               5.016308              19494              282.542364     
       38.70               5.016308              19638              271.336181     
       38.80               5.016308              20288              254.206564     
       38.90               5.016308              19134              320.221994     
       39.00               5.016308              18965              300.844899     
       39.10               5.016308              19433              335.696695     
       39.20               5.016308              19465              422.250305     
       39.30               5.016308              19551              382.391265     
       39.40               5.016308              19116              378.657961     
       39.50               5.016308              19048              392.466598     
       39.60               5.016308              18988              362.271047     
       39.70               5.016308              19163              354.852716     
       39.80               5.016308              19277              321.736421     
       39.90               5.016308              19296              331.606299     
       40.00               5.016308              18827              270.571718     
       40.10               5.016308              19314              242.733459     
       40.20               5.016308              19607              303.570533     
       40.30               5.016308              18843              223.933319     
       40.40               5.016308              18923              195.559166     
       40.50               5.016308              18886              194.129108     
       40.60               5.016308              19119              228.915566     
       40.70               5.016308              19533              228.061594     
       40.80               5.016308              19949              300.042854     
       40.90               5.016308              19069              370.294925     
       41.00               5.016308              19090              323.128957     
       41.10               5.016308              18889              326.683457     
       41.20               5.016308              19108              371.725441     
       41.30               5.016308              18986              311.701500     
       41.40               5.016308              18641              316.864496     
       41.50               5.016308              18541              285.946263     
       41.60               5.016308              18656              282.742231     
       41.70               5.016308              18507              327.895768     
       41.80               5.016308              18530              260.681842     
       41.90               5.016308              18378              249.293331     
       42.00               5.016308              18261              258.184736     
       42.10               5.016308              18387              227.158422     
       42.20               5.016308              18331              241.096986     
       42.30               5.016308              18123              282.718254     
       42.40               5.016308              18278              267.433157     
       42.50               5.016308              18189              319.751202     
       42.60               5.016308              18410              293.248513     
       42.70               5.016308              18650              275.122647     
       42.80               5.016308              18456              310.149649     
       42.90               5.016308              18783              294.314670     
       43.00               5.016308              18137              332.164172     
       43.10               5.016308              18156              304.685442     
       43.20               5.016308              18083              315.881060     
       43.30               5.016308              18329              324.390687     
       43.40               5.016308              18536              281.294195     
       43.50               5.016308              18367              362.527694     
       43.60               5.016308              18523              361.260931     
       43.70               5.016308              18519              323.673300     
       43.80               5.016308              18505              308.590992     
       43.90               5.016308              18470              304.260759     
       44.00               5.016308              18034              310.967520     
       44.10               5.016308              18475              375.599275     
       44.20               5.016308              18344              409.068895     
       44.30               5.016308              18421              417.443708     
       44.40               5.016308              18579              375.340663     
       44.50               5.016308              18490              402.081772     
       44.60               5.016308              18468              365.499278     
       44.70               5.016308              18409              335.911745     
       44.80               5.016308              18234              274.765336     
       44.90               5.016308              18381              358.163936     
       45.00               5.016308              18904              292.341260     
       45.10               5.016308              18677              339.957347     
       45.20               5.016308              18796              349.425781     
       45.30               5.016308              18501              417.230198     
       45.40               5.016308              18804              398.686805     
       45.50               5.016308              18862              434.150470     
       45.60               5.016308              18852              372.758901     
       45.70               5.016308              19200              381.459010     
       45.80               5.016308              19311              402.399365     
       45.90               5.016308              19549              361.181001     
       46.00               5.016308              19475              343.640468     
       46.10               5.016308              19554              368.942919     
       46.20               5.016308              19193              331.478922     
       46.30               5.016308              19620              361.202708     
       46.40               5.016308              19556              341.250210     
       46.50               5.016308              19530              306.703260     
       46.60               5.016308              19417              314.914179     
       46.70               5.016308              19685              350.412062     
       46.80               5.016308              19953              326.993829     
       46.90               5.016308              19393              332.967460     
       47.00               5.016308              19318              308.057757     
       47.10               5.016308              19474              240.794797     
       47.20               5.016308              19692              261.098962     
       47.30               5.016308              19519              310.852755     
       47.40               5.016308              19738              292.679740     
       47.50               5.016308              19967              343.821207     
       47.60               5.016308              19669              283.834997     
       47.70               5.016308              19229              213.925608     
       47.80               5.016308              19331              172.281706     
       47.90               5.016308              19770              194.360254     
       48.00               5.016308              19711              226.537476     
       48.10               5.016308              19440              236.301012     
       48.20               5.016308              19421              320.408274     
       48.30               5.016308              19539              279.905833     
       48.40               5.016308              19749              282.999603     
       48.50               5.016308              19367              253.994596     
       48.60               5.016308              19690              185.027308     
       48.70               5.016308              19917              207.221083     
       48.80               5.016308              19673              309.776294     
       48.90               5.016308              19914              267.900008     
       49.00               5.016308              19247              208.675478     
       49.10               5.016308              19279              285.146000     
       49.20               5.016308              19229              332.263592     
       49.30               5.016308              19638              279.149443     
       49.40               5.016308              19799              247.056509     
       49.50               5.016308              19353              322.461371     
       49.60               5.016308              18580              314.217574     
       49.70               5.016308              19066              272.799288     
       49.80               5.016308              19279              315.585389     
       49.90               5.016308              19270              304.842102     
       50.00               5.016308              18622              351.646947     
       50.10               5.016308              19168              353.527202     
       50.20               5.016308              19996              306.515270     
       50.30               5.016308              18969              272.708345     
       50.40               5.016308              19126              281.898846     
       50.50               5.016308              19220              315.654601     
       50.60               5.016308              18883              310.948406     
       50.70               5.016308              18821              283.497755     
       50.80               5.016308              19103              222.697186     
       50.90               5.016308              19211              211.510596     
       51.00               5.016308              19189              208.135197     
       51.10               5.016308              19155              121.562568     
       51.20               5.016308              18957              169.103990     
       51.30               5.016308              19437              184.077945     
       51.40               5.016308              18983              243.902215     
       51.50               5.016308              19415              236.033728     
       51.60               5.016308              19356              248.238058     
       51.70               5.016308              19227              267.486116     
       51.80               5.016308              19320              358.563981     
       51.90               5.016308              19154              388.701460     
       52.00               5.016308              18752              366.862999     
       52.10               5.016308              18877              337.245344     
       52.20               5.016308              19151              286.693399     
       52.30               5.016308              19413              280.265881     
       52.40               5.016308              19591              306.992003     
       52.50               5.016308              19473              332.570834     
       52.60               5.016308              19241              357.804318     
       52.70               5.016308              19446              341.727364     
       52.80               5.016308              19724              390.168940     
       52.90               5.016308              19785              376.582539     
       53.00               5.016308              19398              381.566825     
       53.10               5.016308              19596              353.627093     
       53.20               5.016308              19383              324.094573     
       53.30               5.016308              19664              368.335678     
       53.40               5.016308              19760              300.414227     
       53.50               5.016308              19261              238.799991     
       53.60               5.016308              19420              281.459984     
       53.70               5.016308              19558              237.598438     
       53.80               5.016308              19221              274.141633     
       53.90               5.016308              18938              254.799246     
       54.00               5.016308              19305              270.051900     
       54.10               5.016308              19009              295.337674     
       54.20               5.016308              18870              256.867192     
       54.30               5.016308              19024              291.264627     
       54.40               5.016308              19406              295.799749     
       54.50               5.016308              19294              318.694476     
       54.60               5.016308              19735              311.750618     
       54.70               5.016308              19873              280.688275     
       54.80               5.016308              20056              321.275200     
       54.90               5.016308              19720              267.629397     
       55.00               5.016308              19702              269.105245     
       55.10               5.016308              18756              281.557620     
       55.20               5.016308              19088              265.076492     
       55.30               5.016308              19224              324.839003     
       55.40               5.016308              19574              208.265985     
       55.50               5.016308              20286              214.476996     
       55.60               5.016308              19805              137.535884     
       55.70               5.016308              19454              216.083075     
       55.80               5.016308              19527              252.502442     
       55.90               5.016308              19665              194.011742     
       56.00               5.016308              20066              193.813757     
       56.10               5.016308              20262              223.104322     
       56.20               5.016308              19586              226.456627     
       56.30               5.016308              19532              260.049198     
       56.40               5.016308              19634              228.119715     
       56.50               5.016308              18826              298.847297     
       56.60               5.016308              19752              338.678040     
       56.70               5.016308              18646              369.985945     
       56.80               5.016308              18901              305.882296     
       56.90               5.016308              18943              252.591662     
       57.00               5.016308              19114              254.934719     
       57.10               5.016308              19102              330.996449     
       57.20               5.016308              19213              277.621803     
       57.30               5.016308              19230              306.755341     
       57.40               5.016308              19009              318.839181     
       57.50               5.016308              19348              385.075670     
       57.60               5.016308              19174              395.300708     
       57.70               5.016308              19512              400.158023     
       57.80               5.016308              19624              405.178271     
       57.90               5.016308              19642              432.415307     
       58.00               5.016308              19815              357.394422     
       58.10               5.016308              20268              371.358270     
       58.20               5.016308              19512              326.460073     
       58.30               5.016308              19818              362.522622     
       58.40               5.016308              19290              292.983264     
       58.50               5.016308              19480              284.427200     
       58.60               5.016308              18913              253.081910     
       58.70               5.016308              19315              248.864313     
       58.80               5.016308              19462              252.892743     
       58.90               5.016308              19320              282.450727     
       59.00               5.016308              19030              267.633931     
       59.10               5.016308              19190              333.294586     
       59.20               5.016308              18951              326.430368     
       59.30               5.016308              19087              379.211840     
       59.40               5.016308              19218              364.170992     
       59.50               5.016308              19170              322.911854     
       59.60               5.016308              19225              238.421292     
       59.70               5.016308              19206              275.435496     
       59.80               5.016308              18702              233.245446     
       59.90               5.016308              18739              257.158484     
       60.00               5.016308              19201              235.563578     
       60.10               5.016308              18182              269.816118     
       60.20               5.016308              19171              223.793669     
       60.30               5.016308              18230              267.987011     
       60.40               5.016308              19335              342.523195     
       60.50               5.016308              19666              394.008985     
       60.60               5.016308              19539              378.870454     
       60.70               5.016308              19879              339.733875     
       60.80               5.016308              18411              320.424094     
       60.90               5.016308              19893              373.021832     
       61.00               5.016308              20244              367.556615     
       61.10               5.016308              18343              332.230967     
       61.20               5.016308              19001              328.384582     
       61.30               5.016308              18814              307.465760     
       61.40               5.016308              18137              322.344471     
       61.50               5.016308              18611              300.657300     
       61.60               5.016308              18892              253.729572     
       61.70               5.016308              20052              324.490669     
       61.80               5.016308              19886              343.408576     
       61.90               5.016308              19920              384.142635     
       62.00               5.016308              18478              351.815384     
       62.10               5.016308              19761              286.302764     
       62.20               5.016308              17407              265.862984     
       62.30               5.016308              20264              291.463032     
       62.40               5.016308              19791              330.080415     
       62.50               5.016308              20128              227.743801     
       62.60               5.016308              20008              263.877946     
       62.70               5.016308              20097              222.011909     
       62.80               5.016308              19443              221.252381     
       62.90               5.016308              19744              269.675749     
       63.00               5.016308              20078              251.056434     
       63.10               5.016308              18301              187.994676     
       63.20               5.016308              18285              195.346542     
       63.30               5.016308              18035              202.530934     
       63.40               5.016308              18473              192.845213     
       63.50               5.016308              17909              158.766742     
       63.60               5.016308              19023              236.275069     
       63.70               5.016308              17958              291.360840     
       63.80               5.016308              18182              373.520517     
       63.90               5.016308              18579              328.142222     
       64.00               5.016308              18902              306.370879     
       64.10               5.016308              18768              294.329528     
       64.20               5.016308              19112              332.073196     
       64.30               5.016308              18477              349.810831     
       64.40               5.016308              18497              260.036810     
       64.50               5.016308              18619              209.140583     
       64.60               5.016308              18006              206.524790     
       64.70               5.016308              18603              260.270102     
       64.80               5.016308              18315              246.413916     
       64.90               5.016308              18512              217.791606     
       65.00               5.016308              18737              212.671556     
       65.10               5.016308              18897              174.082311     
       65.20               5.016308              18708              211.700714     
       65.30               5.016308              18266              254.270332     
       65.40               5.016308              18085              246.938749     
       65.50               5.016308              18023              261.858555     
       65.60               5.016308              18455              269.965749     
       65.70               5.016308              18629              240.819023     
       65.80               5.016308              18249              267.067682     
       65.90               5.016308              18408              310.951899     
       66.00               5.016308              18196              343.601416     
       66.10               5.016308              18281              314.409042     
       66.20               5.016308              18578              302.266835     
       66.30               5.016308              18179              267.515616     
       66.40               5.016308              18752              294.530585     
       66.50               5.016308              18096              294.581854     
       66.60               5.016308              18061              269.591503     
       66.70               5.016308              16878              276.810510     
       66.80               5.016308              16762              234.989080     
       66.90               5.016308              16558              186.968159     
       67.00               5.016308              16455              222.886776     
       67.10               5.016308              16345              242.655929     
       67.20               5.016308              16312              222.447894     
       67.30               5.016308              16622              284.133038     
       67.40               5.016308              16685              282.750046     
       67.50               5.016308              16777              288.009640     
       67.60               5.016308              16832              286.833045     
       67.70               5.016308              16935              302.439930     
       67.80               5.016308              16478              318.421604     
       67.90               5.016308              16591              331.342699     
       68.00               5.016308              17280              295.847005     
       68.10               5.016308              17320              264.543408     
       68.20               5.016308              16414              373.587665     
       68.30               5.016308              17027              269.121694     
       68.40               5.016308              16427              273.301036     
       68.50               5.016308              16268              330.309508     
       68.60               5.016308              17257              400.174578     
       68.70               5.016308              16825              442.426150     
       68.80               5.016308              16915              314.897485     
       68.90               5.016308              16024              270.579733     
       69.00               5.016308              15975              314.940963     
       69.10               5.016308              15777              293.057638     
       69.20               5.016308              16827              240.922119     
       69.30               5.016308              16119              208.096007     
       69.40               5.016308              16312              264.925316     
       69.50               5.016308              16489              257.647345     
       69.60               5.016308              16066              241.266587     
       69.70               5.016308              16297              243.400045     
       69.80               5.016308              16230              242.047541     
       69.90               5.016308              17239              154.256683     
       70.00               5.016308              15492              270.623342     
       70.10               5.016308              15374              256.509439     
       70.20               5.016308              15487              194.833178     
       70.30               5.016308              16292              157.074873     
       70.40               5.016308              16134              130.155670     
       70.50               5.016308              16435              121.209879     
       70.60               5.016308              16035              138.484241     
       70.70               5.016308              15551              245.517867     
       70.80               5.016308              17090              227.923706     
       70.90               5.016308              15928              155.489789     
       71.00               5.016308              15716              223.020571     
       71.10               5.016308              16176              197.265077     
       71.20               5.016308              16348              320.215057     
       71.30               5.016308              15686              318.128769     
       71.40               5.016308              14947              309.824844     
       71.50               5.016308              15243              314.315212     
       71.60               5.016308              15700              324.482032     
       71.70               5.016308              15220              334.647006     
       71.80               5.016308              15541              325.441803     
       71.90               5.016308              15781              344.464577     
       72.00               5.016308              16479              354.060307     
       72.10               5.016308              16012              371.725629     
       72.20               5.016308              16173              318.615106     
       72.30               5.016308              15981              356.535705     
       72.40               5.016308              15841              351.844643     
       72.50               5.016308              15748              310.812697     
       72.60               5.016308              16103              340.562528     
       72.70               5.016308              16072              298.451876     
       72.80               5.016308              15708              291.357889     
       72.90               5.016308              15599              313.933698     
       73.00               5.016308              15813              257.855043     
       73.10               5.016308              15816              244.637705     
       73.20               5.016308              16018              182.020055     
       73.30               5.016308              15883              169.758412     
       73.40               5.016308              15648              260.392605     
       73.50               5.016308              15964              296.879064     
       73.60               5.016308              16303              295.067411     
       73.70               5.016308              15816              359.271889     
       73.80               5.016308              16086              360.928560     
       73.90               5.016308              17273              277.145640     
       74.00               5.016308              16778              240.868869     
       74.10               5.016308              16472              302.676567     
       74.20               5.016308              16660              363.704090     
       74.30               5.016308              16441              332.227031     
       74.40               5.016308              16148              308.734546     
       74.50               5.016308              16652              207.635661     
       74.60               5.016308              15988              283.477571     
       74.70               5.016308              16019              239.397907     
       74.80               5.016308              15871              225.932800     
       74.90               5.016308              17175              266.239946     
       75.00               5.016308              16130              214.469799     
       75.10               5.016308              16214              259.551297     
       75.20               5.016308              16256              294.844973     
       75.30               5.016308              16104              306.775797     
       75.40               5.016308              16181              350.576663     
       75.50               5.016308              16777              351.438977     
       75.60               5.016308              16437              323.389069     
       75.70               5.016308              16771              276.981810     
       75.80               5.016308              16707              267.447437     
       75.90               5.016308              16560              282.691613     
       76.00               5.016308              16427              266.751646     
       76.10               5.016308              16407              263.974624     
       76.20               5.016308              16349              282.931075     
       76.30               5.016308              16433              367.050233     
       76.40               5.016308              17195              334.279238     
       76.50               5.016308              16857              342.703463     
       76.60               5.016308              17018              359.845440     
       76.70               5.016308              17203              337.823169     
       76.80               5.016308              17199              323.644569     
       76.90               5.016308              17091              311.203317     
       77.00               5.016308              17049              266.281922     
       77.10               5.016308              17120              337.847772     
       77.20               5.016308              17329              323.307859     
       77.30               5.016308              16891              297.221036     
       77.40               5.016308              16846              347.656499     
       77.50               5.016308              16662              353.536158     
       77.60               5.016308              16782              344.851998     
       77.70               5.016308              17195              306.206274     
       77.80               5.016308              16743              308.770387     
       77.90               5.016308              17062              322.242940     
       78.00               5.016308              17101              292.205142     
       78.10               5.016308              16374              246.936163     
       78.20               5.016308              16780              258.331510     
       78.30               5.016308              16812              323.390254     
       78.40               5.016308              16606              219.257491     
       78.50               5.016308              16776              194.470363     
       78.60               5.016308              16903              254.796180     
       78.70               5.016308              16696              341.986054     
       78.80               5.016308              16688              341.848386     
       78.90               5.016308              16888              354.290340     
       79.00               5.016308              16877              436.363762     
       79.10               5.016308              16585              406.372008     
       79.20               5.016308              16309              420.390580     
       79.30               5.016308              16232              422.387395     
       79.40               5.016308              16332              443.280424     
       79.50               5.016308              16177              418.679650     
       79.60               5.016308              16490              344.152820     
       79.70               5.016308              16024              365.722107     
       79.80               5.016308              15929              300.253003     
       79.90               5.016308              16108              357.451232     
       80.00               5.016308              16341              365.613097     
       80.10               5.016308              16001              297.144991     
       80.20               5.016308              15866              260.796883     
       80.30               5.016308              16822              231.932745     
       80.40               5.016308              16291              263.502648     
       80.50               5.016308              17074              275.682085     
       80.60               5.016308              16229              236.370938     
       80.70               5.016308              15983              243.439283     
       80.80               5.016308              15988              234.288889     
       80.90               5.016308              16212              229.063329     
       81.00               5.016308              17031              217.864668     
       81.10               5.016308              15951              260.874359     
       81.20               5.016308              16382              266.993057     
       81.30               5.016308              16179              177.639913     
       81.40               5.016308              16793              170.434520     
       81.50               5.016308              16634              202.851606     
       81.60               5.016308              16373              213.736282     
       81.70               5.016308              16384              280.338147     
       81.80               5.016308              16511              275.087750     
       81.90               5.016308              16716              267.286837     
       82.00               5.016308              16983              327.395259     
       82.10               5.016308              16400              217.122893     
       82.20               5.016308              16994              255.047349     
       82.30               5.016308              16795              208.946912     
       82.40               5.016308              16501              256.376652     
       82.50               5.016308              17059              161.934286     
       82.60               5.016308              16686              173.198236     
       82.70               5.016308              17266              235.707700     
       82.80               5.016308              17128              262.600477     
       82.90               5.016308              16942              251.327601     
       83.00               5.016308              17157              240.913233     
       83.10               5.016308              17364              349.081766     
       83.20               5.016308              18012              305.444597     
       83.30               5.016308              17812              288.434449     
       83.40               5.016308              17981              293.674364     
       83.50               5.016308              18289              271.606968     
       83.60               5.016308              18443              270.209206     
       83.70               5.016308              18626              239.428226     
       83.80               5.016308              18129              213.167436     
       83.90               5.016308              17567              186.469557     
       84.00               5.016308              17676              120.074239     
       84.10               5.016308              16894              244.821798     
       84.20               5.016308              16985              299.909264     
       84.30               5.016308              17618              244.407365     
       84.40               5.016308              17578              299.449831     
       84.50               5.016308              18013              264.393996     
       84.60               5.016308              17878              197.056903     
       84.70               5.016308              17827              234.258400     
       84.80               5.016308              17220              290.668105     
       84.90               5.016308              17420              233.692210     
       85.00               5.016308              18331              162.731754     
       85.10               5.016308              17043              233.132890     
       85.20               5.016308              17927              167.298537     
       85.30               5.016308              17675              267.113096     
       85.40               5.016308              18174              163.412389     
       85.50               5.016308              17927              207.315442     
       85.60               5.016308              17717              262.459149     
       85.70               5.016308              18192              299.921278     
       85.80               5.016308              18342              264.903593     
       85.90               5.016308              18200              163.463502     
       86.00               5.016308              17454              277.967312     
       86.10               5.016308              17586              153.510614     
       86.20               5.016308              18145              202.259093     
       86.30               5.016308              17680              188.425487     
       86.40               5.016308              17287              220.167496     
       86.50               5.016308              17183              217.886993     
       86.60               5.016308              16998              313.818411     
       86.70               5.016308              15781              335.064752     
       86.80               5.016308              17472              344.331021     
       86.90               5.016308              17443              375.864569     
       87.00               5.016308              17556              403.274151     
       87.10               5.016308              17322              434.047538     
       87.20               5.016308              17349              375.386284     
       87.30               5.016308              17612              426.863634     
       87.40               5.016308              18005              384.558011     
       87.50               5.016308              17605              390.346805     
       87.60               5.016308              17164              386.769737     
       87.70               5.016308              17232              418.556302     
       87.80               5.016308              17303              356.143797     
       87.90               5.016308              17596              392.298268     
       88.00               5.016308              17784              361.269986     
       88.10               5.016308              17302              325.326090     
       88.20               5.016308              17281              330.228392     
       88.30               5.016308              17427              336.521235     
       88.40               5.016308              17636              301.918625     
       88.50               5.016308              17590              376.501682     
       88.60               5.016308              17930              420.903096     
       88.70               5.016308              18338              394.398430     
       88.80               5.016308              18026              384.039632     
       88.90               5.016308              18082              359.419734     
       89.00               5.016308              18000              320.879196     
       89.10               5.016308              17563              396.224989     
       89.20               5.016308              17535              317.332577     
       89.30               5.016308              17109              369.648470     
       89.40               5.016308              16790              388.973592     
       89.50               5.016308              17990              416.376190     
       89.60               5.016308              17477              327.328187     
       89.70               5.016308              17266              326.167913     
       89.80               5.016308              17917              292.128246     
       89.90               5.016308              17104              228.389276     
       90.00               5.016308              17137              304.567109     
       90.10               5.016308              17356              222.120708     
       90.20               5.016308              17539              259.791667     
       90.30               5.016308              17863              335.238067     
       90.40               5.016308              17924              289.585046     
       90.50               5.016308              16954              340.581601     
       90.60               5.016308              17682              365.928426     
       90.70               5.016308              17018              338.197489     
       90.80               5.016308              17288              301.598475     
       90.90               5.016308              17406              360.952054     
       91.00               5.016308              17256              320.420484     
       91.10               5.016308              17224              372.166198     
       91.20               5.016308              16954              351.862062     
       91.30               5.016308              17143              332.770923     
       91.40               5.016308              16288              278.737579     
       91.50               5.016308              17180              337.410135     
       91.60               5.016308              16226              300.423656     
       91.70               5.016308              16155              315.216541     
       91.80               5.016308              16197              265.287054     
       91.90               5.016308              16513              342.761201     
       92.00               5.016308              16687              432.754540     
       92.10               5.016308              17388              304.880821     
       92.20               5.016308              17231              318.059937     
       92.30               5.016308              17490              245.136875     
       92.40               5.016308              17983              252.658049     
       92.50               5.016308              17187              255.550753     
       92.60               5.016308              16834              288.649764     
       92.70               5.016308              17595              239.137766     
       92.80               5.016308              17293              187.370690     
       92.90               5.016308              17174              129.990118     
       93.00               5.016308              16767              214.728822     
       93.10               5.016308              16098              230.025736     
       93.20               5.016308              17072              105.170019     
       93.30               5.016308              16168              153.234639     
       93.40               5.016308              17458              194.230913     
       93.50               5.016308              16515              189.960929     
       93.60               5.016308              17026              221.533624     
       93.70               5.016308              16712              267.465974     
       93.80               5.016308              16858              254.993624     
       93.90               5.016308              17238              286.987385     
       94.00               5.016308              16887              291.908201     
       94.10               5.016308              16442              261.541655     
       94.20               5.016308              16379              179.546686     
       94.30               5.016308              16684              238.086428     
       94.40               5.016308              15947              197.567304     
       94.50               5.016308              17043              244.586024     
       94.60               5.016308              17311              263.136508     
       94.70               5.016308              17041              273.895497     
       94.80               5.016308              15987              334.545914     
       94.90               5.016308              16763              388.931689     
       95.00               5.016308              16945              280.257176     
       95.10               5.016308              17226              287.357250     
       95.20               5.016308              16729              279.339085     
       95.30               5.016308              17002              312.138998     
       95.40               5.016308              16655              332.611727     
       95.50               5.016308              17612              363.031143     
       95.60               5.016308              16466              287.726782     
       95.70               5.016308              16853              338.664166     
       95.80               5.016308              16980              401.034151     
       95.90               5.016308              17200              420.815771     
       96.00               5.016308              17001              374.285250     
       96.10               5.016308              16520              450.324265     
       96.20               5.016308              17104              419.917829     
       96.30               5.016308              16559              401.914484     
       96.40               5.016308              16915              377.335059     
       96.50               5.016308              16632              357.441581     
       96.60               5.016308              15581              350.597000     
       96.70               5.016308              16147              279.203767     
       96.80               5.016308              15903              265.587829     
       96.90               5.016308              15515              247.052546     
       97.00               5.016308              16200              204.870623     
       97.10               5.016308              16466              276.429465     
       97.20               5.016308              16219              240.044732     
       97.30               5.016308              16238              206.923682     
       97.40               5.016308              16531              148.711598     
       97.50               5.016308              15868              189.336120     
       97.60               5.016308              16876              196.028230     
       97.70               5.016308              16969              99.996666      
       97.80               5.016308              16820              132.008593     
       97.90               5.016308              16345              200.719995     
       98.00               5.016308              16673              183.245266     
       98.10               5.016308              16497              214.519585     
       98.20               5.016308              17173              260.799813     
       98.30               5.016308              17708              251.330410     
       98.40               5.016308              17044              303.881808     
       98.50               5.016308              17532              274.794724     
       98.60               5.016308              17255              246.739703     
       98.70               5.016308              17019              214.168074     
       98.80               5.016308              17545              215.465461     
       98.90               5.016308              16996              193.594467     
       99.00               5.016308              18226              259.630133     
       99.10               5.016308              18046              252.030632     
       99.20               5.016308              17713              247.942724     
       99.30               5.016308              16989              326.579885     
       99.40               5.016308              17347              319.712322     
       99.50               5.016308              17377              290.906209     
       99.60               5.016308              17457              261.228017     
       99.70               5.016308              16897              329.593252     
       99.80               5.016308              16870              394.783647     
