        tauB               sizeBin             clust_size      press_align
        0.00               5.016308              43096             11874.552485    
        0.10               5.016308              43275             10615.458415    
        0.20               5.016308              43712             8362.570610     
        0.30               5.016308              44134             6563.776578     
        0.40               5.016308              44354             5238.825890     
        0.50               5.016308              44451             4327.937066     
        0.60               5.016308              44525             3565.184959     
        0.70               5.016308              44488             3073.197781     
        0.80               5.016308              44418             2357.054157     
        0.90               5.016308              44262             1926.477992     
        1.00               5.016308              44027             1960.813326     
        1.10               5.016308              43744             1930.871336     
        1.20               5.016308              43521             2008.770669     
        1.30               5.016308              43221             1944.175392     
        1.40               5.016308              43096             1707.747772     
        1.50               5.016308              42833             1726.239265     
        1.60               5.016308              42661             1484.685098     
        1.70               5.016308              42424             1616.040161     
        1.80               5.016308              42303             1801.779484     
        1.90               5.016308              41997             1865.273325     
        2.00               5.016308              41917             1851.604281     
        2.10               5.016308              41802             1707.872997     
        2.20               5.016308              41882             1716.083491     
        2.30               5.016308              41700             1799.053399     
        2.40               5.016308              41658             1936.959560     
        2.50               5.016308              41556             2146.681570     
        2.60               5.016308              41552             2050.408923     
        2.70               5.016308              41723             2207.756098     
        2.80               5.016308              41918             2456.978424     
        2.90               5.016308              42147             2233.067288     
        3.00               5.016308              42190             1821.892658     
        3.10               5.016308              42269             1836.428502     
        3.20               5.016308              42191             1986.605550     
        3.30               5.016308              41886             2142.908409     
        3.40               5.016308              41748             1961.790952     
        3.50               5.016308              41543             1955.977726     
        3.60               5.016308              41467             2079.962761     
        3.70               5.016308              41422             1892.693221     
        3.80               5.016308              41459             2057.680619     
        3.90               5.016308              41286             1860.958815     
        4.00               5.016308              41240             1750.341817     
        4.10               5.016308              41292             1671.844452     
        4.20               5.016308              41317             1754.046528     
        4.30               5.016308              41455             1802.737541     
        4.40               5.016308              41546             1882.166762     
        4.50               5.016308              41546             1987.770349     
        4.60               5.016308              41640             1928.027471     
        4.70               5.016308              41783             2123.666752     
        4.80               5.016308              41822             2188.800336     
        4.90               5.016308              41729             2154.024115     
        5.00               5.016308              41901             2311.722495     
        5.10               5.016308              41766             2366.477386     
        5.20               5.016308              41805             1978.629129     
        5.30               5.016308              41779             2170.314004     
        5.40               5.016308              41675             1975.387826     
        5.50               5.016308              41509             1911.240533     
        5.60               5.016308              41498             2122.849952     
        5.70               5.016308              41647             1950.756329     
        5.80               5.016308              41719             1993.347281     
        5.90               5.016308              41728             2182.093647     
        6.00               5.016308              41739             2307.843999     
        6.10               5.016308              41705             2301.491198     
        6.20               5.016308              41689             2424.678769     
        6.30               5.016308              41587             2314.346395     
        6.40               5.016308              41548             2179.541472     
        6.50               5.016308              41492             2277.906960     
        6.60               5.016308              41484             2199.269386     
        6.70               5.016308              41406             2127.380231     
        6.80               5.016308              41393             2008.761852     
        6.90               5.016308              41543             1975.199147     
        7.00               5.016308              41476             1751.393688     
        7.10               5.016308              41497             1747.673893     
        7.20               5.016308              41515             1691.880387     
        7.30               5.016308              41568             1905.399579     
        7.40               5.016308              41680             1979.682615     
        7.50               5.016308              41768             2012.857654     
        7.60               5.016308              41808             1891.562976     
        7.70               5.016308              41656             2079.800553     
        7.80               5.016308              41660             1868.771452     
        7.90               5.016308              41628             2114.185904     
        8.00               5.016308              41358             1864.767508     
        8.10               5.016308              41098             2034.972953     
        8.20               5.016308              40956             1914.558033     
        8.30               5.016308              40928             2132.242030     
        8.40               5.016308              40810             2148.450963     
        8.50               5.016308              40775             2294.718334     
        8.60               5.016308              40757             2134.022936     
        8.70               5.016308              40733             2202.569337     
        8.80               5.016308              40808             1966.534979     
        8.90               5.016308              40936             1685.704018     
        9.00               5.016308              41042             1757.980562     
        9.10               5.016308              41155             1636.991341     
        9.20               5.016308              41315             1555.224258     
        9.30               5.016308              41388             1572.726162     
        9.40               5.016308              41611             1676.705673     
        9.50               5.016308              41683             1526.799902     
        9.60               5.016308              41687             1891.581270     
        9.70               5.016308              41639             2002.245718     
        9.80               5.016308              41715             2027.638537     
        9.90               5.016308              41762             1993.201711     
       10.00               5.016308              41761             1606.450413     
       10.10               5.016308              41644             1660.871461     
       10.20               5.016308              41580             1794.336318     
       10.30               5.016308              41472             1901.664018     
       10.40               5.016308              41500             1932.551342     
       10.50               5.016308              41474             2065.430839     
       10.60               5.016308              41164             2004.349508     
       10.70               5.016308              41060             2115.933646     
       10.80               5.016308              41049             2316.726217     
       10.90               5.016308              41213             2420.031715     
       11.00               5.016308              41383             2452.026753     
       11.10               5.016308              41556             2212.756277     
       11.20               5.016308              41741             2156.962159     
       11.30               5.016308              41757             2155.198425     
       11.40               5.016308              41700             1986.598533     
       11.50               5.016308              41736             1864.985847     
       11.60               5.016308              41814             1871.224418     
       11.70               5.016308              41817             1623.370114     
       11.80               5.016308              41854             1778.640204     
       11.90               5.016308              42021             1659.655887     
       12.00               5.016308              41917             1572.672654     
       12.10               5.016308              41811             1811.866637     
       12.20               5.016308              41890             1646.221276     
       12.30               5.016308              41781             1837.972746     
       12.40               5.016308              41820             1865.741469     
       12.50               5.016308              41841             1790.428338     
       12.60               5.016308              41989             1798.556325     
       12.70               5.016308              42031             1591.075760     
       12.80               5.016308              41890             1743.350324     
       12.90               5.016308              41773             1796.002614     
       13.00               5.016308              41702             1769.045923     
       13.10               5.016308              41560             1579.047596     
       13.20               5.016308              41549             1663.672477     
       13.30               5.016308              41454             1728.242984     
       13.40               5.016308              41340             1889.355578     
       13.50               5.016308              41361             1715.383433     
       13.60               5.016308              41275             1656.078258     
       13.70               5.016308              41439             1745.843496     
       13.80               5.016308              41425             1907.581490     
       13.90               5.016308              41387             1880.057396     
       14.00               5.016308              41227             1599.842764     
       14.10               5.016308              41187             1509.059372     
       14.20               5.016308              41020             1435.688384     
       14.30               5.016308              41062             1398.881717     
       14.40               5.016308              41147             1895.980987     
       14.50               5.016308              41231             2146.184377     
       14.60               5.016308              41441             2387.566114     
       14.70               5.016308              41549             2543.777656     
       14.80               5.016308              41733             2133.096893     
       14.90               5.016308              41854             1964.542726     
       15.00               5.016308              41744             1862.684258     
       15.10               5.016308              41673             1926.151984     
       15.20               5.016308              41426             1612.296559     
       15.30               5.016308              41483             1907.275279     
       15.40               5.016308              41590             1964.658146     
       15.50               5.016308              41509             1824.503820     
       15.60               5.016308              41501             2100.565205     
       15.70               5.016308              41355             2095.862965     
       15.80               5.016308              41533             2032.541684     
       15.90               5.016308              41495             1972.739390     
       16.00               5.016308              41737             2119.874474     
       16.10               5.016308              41838             1975.678767     
       16.20               5.016308              41916             1784.375614     
       16.30               5.016308              41792             1745.892815     
       16.40               5.016308              41703             2073.953112     
       16.50               5.016308              41751             1820.541333     
       16.60               5.016308              41632             1859.889995     
       16.70               5.016308              41587             1705.134331     
       16.80               5.016308              41624             1495.852395     
       16.90               5.016308              41606             1598.345034     
       17.00               5.016308              41500             1910.411328     
       17.10               5.016308              41329             1878.152269     
       17.20               5.016308              41178             2059.332949     
       17.30               5.016308              40946             1991.747120     
       17.40               5.016308              40699             1924.638413     
       17.50               5.016308              40611             2142.560697     
       17.60               5.016308              40660             2008.024822     
       17.70               5.016308              40728             2224.884150     
       17.80               5.016308              40868             2168.485143     
       17.90               5.016308              40926             1993.317585     
       18.00               5.016308              40834             1757.585760     
       18.10               5.016308              41031             1721.637920     
       18.20               5.016308              41049             1817.167672     
       18.30               5.016308              41097             1806.099552     
       18.40               5.016308              41117             1702.098365     
       18.50               5.016308              41058             1899.363762     
       18.60               5.016308              41049             1912.901680     
       18.70               5.016308              41170             1840.452605     
       18.80               5.016308              41278             1926.285326     
       18.90               5.016308              41571             1990.250031     
       19.00               5.016308              41643             2038.890662     
       19.10               5.016308              41585             2005.196018     
       19.20               5.016308              41615             1749.836514     
       19.30               5.016308              41622             1966.645010     
       19.40               5.016308              41537             1785.494554     
       19.50               5.016308              41523             1880.901692     
       19.60               5.016308              41664             1761.291012     
       19.70               5.016308              41608             1892.829295     
       19.80               5.016308              41514             1947.504455     
       19.90               5.016308              41587             1940.301783     
       20.00               5.016308              41570             1621.873804     
       20.10               5.016308              41588             1712.925977     
       20.20               5.016308              41485             1735.702104     
       20.30               5.016308              41279             1702.159962     
       20.40               5.016308              41377             1802.006072     
       20.50               5.016308              41473             1962.540080     
       20.60               5.016308              41500             1946.752462     
       20.70               5.016308              41631             2032.817787     
       20.80               5.016308              41503             1993.741652     
       20.90               5.016308              41587             1994.620269     
       21.00               5.016308              41618             1818.744824     
       21.10               5.016308              41604             2164.392145     
       21.20               5.016308              41370             1998.879550     
       21.30               5.016308              41255             2015.713624     
       21.40               5.016308              41228             1884.289232     
       21.50               5.016308              41220             1892.704427     
       21.60               5.016308              41151             2031.472713     
       21.70               5.016308              41106             1994.086967     
       21.80               5.016308              40979             1930.624480     
       21.90               5.016308              40989             1973.851210     
       22.00               5.016308              41137             2127.412108     
       22.10               5.016308              41172             2256.822679     
       22.20               5.016308              41072             1863.164710     
       22.30               5.016308              41076             1952.961967     
       22.40               5.016308              41036             1985.794948     
       22.50               5.016308              41106             2000.933253     
       22.60               5.016308              41204             1838.331862     
       22.70               5.016308              41295             1853.400468     
       22.80               5.016308              41199             1819.343926     
       22.90               5.016308              41161             1771.364235     
       23.00               5.016308              41207             1838.063190     
       23.10               5.016308              41264             1783.558448     
       23.20               5.016308              41282             1831.732462     
       23.30               5.016308              41348             1880.889387     
       23.40               5.016308              41269             1791.097254     
       23.50               5.016308              41360             1951.404776     
       23.60               5.016308              41455             1642.368548     
       23.70               5.016308              41289             1697.683764     
       23.80               5.016308              41234             1492.616470     
       23.90               5.016308              41433             1424.369246     
       24.00               5.016308              41569             1562.298374     
       24.10               5.016308              41705             1655.703230     
       24.20               5.016308              41798             1829.087365     
       24.30               5.016308              41634             1914.561930     
       24.40               5.016308              41724             1905.012089     
       24.50               5.016308              41633             1906.255417     
       24.60               5.016308              41720             2145.025083     
       24.70               5.016308              41534             2196.475686     
       24.80               5.016308              41403             2075.381764     
       24.90               5.016308              41448             1995.658092     
       25.00               5.016308              41493             1865.627761     
       25.10               5.016308              41549             1789.056782     
       25.20               5.016308              41675             1780.689843     
       25.30               5.016308              41678             1630.524976     
       25.40               5.016308              41805             1644.173962     
       25.50               5.016308              41846             1685.096786     
       25.60               5.016308              41813             1644.746790     
       25.70               5.016308              41695             1606.735202     
       25.80               5.016308              41690             1874.351412     
       25.90               5.016308              41511             1889.283118     
       26.00               5.016308              41179             2018.295073     
       26.10               5.016308              41084             1947.030625     
       26.20               5.016308              41043             2001.652046     
       26.30               5.016308              40880             2000.035995     
       26.40               5.016308              41004             2041.367854     
       26.50               5.016308              41053             1985.769395     
       26.60               5.016308              41072             2395.261527     
       26.70               5.016308              40940             2674.069675     
       26.80               5.016308              41072             2331.628126     
       26.90               5.016308              41099             2320.733695     
       27.00               5.016308              41195             2035.977786     
       27.10               5.016308              41380             1691.046455     
       27.20               5.016308              41580             1800.339526     
       27.30               5.016308              41476             1769.608525     
       27.40               5.016308              41407             1676.810534     
       27.50               5.016308              41660             1665.602544     
       27.60               5.016308              41541             1742.448500     
       27.70               5.016308              41521             1781.218941     
       27.80               5.016308              41400             1810.990814     
       27.90               5.016308              41405             1844.547810     
       28.00               5.016308              41447             1673.910324     
       28.10               5.016308              41335             1849.459254     
       28.20               5.016308              41341             1878.838661     
       28.30               5.016308              41355             1578.501271     
       28.40               5.016308              41356             2060.684000     
       28.50               5.016308              41439             2180.034943     
       28.60               5.016308              41554             2277.810060     
       28.70               5.016308              41607             1997.227766     
       28.80               5.016308              41570             2012.883095     
       28.90               5.016308              41527             1754.715619     
       29.00               5.016308              41428             1857.384902     
       29.10               5.016308              41342             1904.573021     
       29.20               5.016308              41491             1657.992253     
       29.30               5.016308              41723             1548.249058     
       29.40               5.016308              41619             1413.281118     
       29.50               5.016308              41588             1475.799393     
       29.60               5.016308              41474             1490.223248     
       29.70               5.016308              41504             1623.168378     
       29.80               5.016308              41454             1481.353468     
       29.90               5.016308              41301             1634.165597     
       30.00               5.016308              40936             1502.089585     
       30.10               5.016308              40678             1687.095597     
       30.20               5.016308              40735             1594.871230     
       30.30               5.016308              41013             1593.371007     
       30.40               5.016308              41247             1723.576414     
       30.50               5.016308              41372             1897.392989     
       30.60               5.016308              41538             1839.800385     
       30.70               5.016308              41736             1678.215014     
       30.80               5.016308              41875             1481.541139     
       30.90               5.016308              41898             1603.105256     
       31.00               5.016308              41807             1519.828493     
       31.10               5.016308              41684             1548.785912     
       31.20               5.016308              41731             1603.180992     
       31.30               5.016308              41762             1820.895861     
       31.40               5.016308              41832             1659.724280     
       31.50               5.016308              41625             1618.793952     
       31.60               5.016308              41404             1885.738283     
       31.70               5.016308              41301             1739.791376     
       31.80               5.016308              41293             1595.469238     
       31.90               5.016308              41283             1602.834054     
       32.00               5.016308              41256             1714.623658     
       32.10               5.016308              41137             1768.683972     
       32.20               5.016308              41160             1868.823767     
       32.30               5.016308              41206             1996.669853     
       32.40               5.016308              41288             1793.089558     
       32.50               5.016308              41386             1916.096173     
       32.60               5.016308              41408             1792.514568     
       32.70               5.016308              41379             1893.931702     
       32.80               5.016308              41399             1644.365009     
       32.90               5.016308              41356             1736.419880     
       33.00               5.016308              41330             1960.655864     
       33.10               5.016308              41409             1746.729216     
       33.20               5.016308              41308             1564.961102     
       33.30               5.016308              41230             1652.776566     
       33.40               5.016308              41224             1853.783704     
       33.50               5.016308              41127             2046.243807     
       33.60               5.016308              41283             1833.057090     
       33.70               5.016308              41269             1760.910023     
       33.80               5.016308              41265             1780.280371     
       33.90               5.016308              41421             1757.039639     
       34.00               5.016308              41576             1826.349754     
       34.10               5.016308              41656             1638.053844     
       34.20               5.016308              41889             1491.311995     
       34.30               5.016308              41963             1705.511655     
       34.40               5.016308              42018             1757.375156     
       34.50               5.016308              41963             1790.739333     
       34.60               5.016308              41814             1841.636941     
       34.70               5.016308              41697             1832.791537     
       34.80               5.016308              41556             1702.415647     
       34.90               5.016308              41467             1845.200726     
       35.00               5.016308              41361             1963.712821     
       35.10               5.016308              41104             1946.524583     
       35.20               5.016308              41200             2009.354328     
       35.30               5.016308              41327             2042.811676     
       35.40               5.016308              41436             1902.613107     
       35.50               5.016308              41309             1808.760449     
       35.60               5.016308              41320             1725.592942     
       35.70               5.016308              41421             2038.489425     
       35.80               5.016308              41471             2096.592323     
       35.90               5.016308              41554             2115.873616     
       36.00               5.016308              41635             1987.911880     
       36.10               5.016308              41588             2168.681595     
       36.20               5.016308              41840             2437.616464     
       36.30               5.016308              41895             2207.295419     
       36.40               5.016308              41863             1814.774763     
       36.50               5.016308              41952             2085.554260     
       36.60               5.016308              42064             1843.402204     
       36.70               5.016308              41946             1802.389152     
       36.80               5.016308              42043             1707.639266     
       36.90               5.016308              41967             1678.411256     
       37.00               5.016308              41961             1624.093725     
       37.10               5.016308              41918             1551.794441     
       37.20               5.016308              41790             1720.022393     
       37.30               5.016308              41530             1639.313447     
       37.40               5.016308              41407             1769.139072     
       37.50               5.016308              41328             1909.564349     
       37.60               5.016308              41238             1894.862364     
       37.70               5.016308              41158             1995.701612     
       37.80               5.016308              41055             1996.522830     
       37.90               5.016308              41014             2124.765467     
       38.00               5.016308              41007             2132.901057     
       38.10               5.016308              40820             2029.690460     
       38.20               5.016308              40821             2287.183523     
       38.30               5.016308              40933             2157.036310     
       38.40               5.016308              41115             2058.855015     
       38.50               5.016308              41245             1962.088482     
       38.60               5.016308              41280             1942.149559     
       38.70               5.016308              41213             1998.230778     
       38.80               5.016308              41173             1882.543616     
       38.90               5.016308              41254             2074.365322     
       39.00               5.016308              41263             2013.928309     
       39.10               5.016308              41228             2097.678730     
       39.20               5.016308              41352             1786.369797     
       39.30               5.016308              41276             1880.097120     
       39.40               5.016308              41315             1806.823401     
       39.50               5.016308              41290             1749.916587     
       39.60               5.016308              41236             1784.490685     
       39.70               5.016308              41385             1746.194345     
       39.80               5.016308              41374             1642.576708     
       39.90               5.016308              41345             1675.320390     
       40.00               5.016308              41291             1453.427427     
       40.10               5.016308              41313             1671.978038     
       40.20               5.016308              41419             1876.371657     
       40.30               5.016308              41534             1913.714879     
       40.40               5.016308              41518             1542.280348     
       40.50               5.016308              41239             1839.872901     
       40.60               5.016308              41175             1836.275632     
       40.70               5.016308              41203             1758.739313     
       40.80               5.016308              41359             1797.487197     
       40.90               5.016308              41377             1736.537920     
       41.00               5.016308              41411             1684.363847     
       41.10               5.016308              41493             1579.050828     
       41.20               5.016308              41546             1771.840861     
       41.30               5.016308              41506             1785.993922     
       41.40               5.016308              41303             1951.554628     
       41.50               5.016308              41240             2083.249577     
       41.60               5.016308              41344             2205.328467     
       41.70               5.016308              41423             1934.437970     
       41.80               5.016308              41574             2032.092702     
       41.90               5.016308              41579             1926.467542     
       42.00               5.016308              41487             1724.570030     
       42.10               5.016308              41459             1665.729587     
       42.20               5.016308              41410             1615.421870     
       42.30               5.016308              41458             1627.051235     
       42.40               5.016308              41203             1830.048764     
       42.50               5.016308              41160             1905.543846     
       42.60               5.016308              41178             1972.690511     
       42.70               5.016308              41337             1771.765786     
       42.80               5.016308              41480             1861.353160     
       42.90               5.016308              41493             1822.391618     
       43.00               5.016308              41444             1735.409201     
       43.10               5.016308              41341             1818.188131     
       43.20               5.016308              41383             1539.512895     
       43.30               5.016308              41414             1717.687075     
       43.40               5.016308              41422             1690.265235     
       43.50               5.016308              41508             2002.339132     
       43.60               5.016308              41606             1787.177640     
       43.70               5.016308              41607             1695.697841     
       43.80               5.016308              41603             1772.574415     
       43.90               5.016308              41489             1730.267159     
       44.00               5.016308              41415             1782.882211     
       44.10               5.016308              41395             1786.797818     
       44.20               5.016308              41458             2003.758147     
       44.30               5.016308              41514             2184.412511     
       44.40               5.016308              41491             2088.997799     
       44.50               5.016308              41713             2016.676675     
       44.60               5.016308              41691             2041.711863     
       44.70               5.016308              41617             2274.725621     
       44.80               5.016308              41596             1911.765219     
       44.90               5.016308              41662             1804.133284     
       45.00               5.016308              41757             1564.778757     
       45.10               5.016308              41646             1541.372073     
       45.20               5.016308              41517             1678.817787     
       45.30               5.016308              41362             1784.635708     
       45.40               5.016308              41390             1864.656574     
       45.50               5.016308              41409             1633.637593     
       45.60               5.016308              41359             1760.600264     
       45.70               5.016308              41485             1586.984856     
       45.80               5.016308              41447             1732.036846     
       45.90               5.016308              41447             1873.378183     
       46.00               5.016308              41500             1994.400878     
       46.10               5.016308              41628             2033.759251     
       46.20               5.016308              41607             2114.558228     
       46.30               5.016308              41543             2138.345667     
       46.40               5.016308              41400             2192.980746     
       46.50               5.016308              41362             2159.034054     
       46.60               5.016308              41424             2065.428556     
       46.70               5.016308              41329             1975.008948     
       46.80               5.016308              41284             1883.609710     
       46.90               5.016308              41326             2205.892544     
       47.00               5.016308              41255             2286.773484     
       47.10               5.016308              41359             2098.465233     
       47.20               5.016308              41536             2063.725944     
       47.30               5.016308              41284             2117.865115     
       47.40               5.016308              41330             2392.578595     
       47.50               5.016308              41219             2279.466545     
       47.60               5.016308              41052             2396.477121     
       47.70               5.016308              40993             1992.851362     
       47.80               5.016308              41009             2042.521004     
       47.90               5.016308              41070             2122.429812     
       48.00               5.016308              41197             2089.155710     
       48.10               5.016308              41443             2104.711818     
       48.20               5.016308              41500             2095.164443     
       48.30               5.016308              41642             2124.803858     
       48.40               5.016308              41602             1540.215050     
       48.50               5.016308              41711             1410.761530     
       48.60               5.016308              41549             1725.687898     
       48.70               5.016308              41515             1554.467174     
       48.80               5.016308              41453             1658.387436     
       48.90               5.016308              41417             1637.252664     
       49.00               5.016308              41313             1618.100821     
       49.10               5.016308              41067             1817.355124     
       49.20               5.016308              40854             1660.539524     
       49.30               5.016308              40853             1799.023847     
       49.40               5.016308              40939             1923.184699     
       49.50               5.016308              40950             1941.630827     
       49.60               5.016308              40915             1871.621483     
       49.70               5.016308              40895             1991.059776     
       49.80               5.016308              40907             1822.193697     
       49.90               5.016308              40944             1922.238074     
       50.00               5.016308              40950             2065.996583     
       50.10               5.016308              40842             2039.385152     
       50.20               5.016308              40856             1973.449563     
       50.30               5.016308              41088             1678.913884     
       50.40               5.016308              41199             1555.147709     
       50.50               5.016308              41293             1590.124145     
       50.60               5.016308              41256             1778.395975     
       50.70               5.016308              41234             1796.363748     
       50.80               5.016308              41209             1722.029616     
       50.90               5.016308              41360             1758.679179     
       51.00               5.016308              41616             1833.448669     
       51.10               5.016308              41659             1902.289218     
       51.20               5.016308              41659             1914.075898     
       51.30               5.016308              41750             1793.871812     
       51.40               5.016308              41758             1944.075874     
       51.50               5.016308              41746             1959.404111     
       51.60               5.016308              41671             1771.216112     
       51.70               5.016308              41464             1808.999970     
       51.80               5.016308              41403             1722.910721     
       51.90               5.016308              41405             1946.054447     
       52.00               5.016308              41488             1658.231621     
       52.10               5.016308              41592             1805.109805     
       52.20               5.016308              41555             1863.396273     
       52.30               5.016308              41537             1965.852193     
       52.40               5.016308              41517             1805.764327     
       52.50               5.016308              41480             1942.325980     
       52.60               5.016308              41230             1788.977898     
       52.70               5.016308              41117             1664.754935     
       52.80               5.016308              41173             1687.403173     
       52.90               5.016308              41113             1866.738643     
       53.00               5.016308              40963             1733.581735     
       53.10               5.016308              40925             1892.498209     
       53.20               5.016308              40905             1799.577309     
       53.30               5.016308              40875             1889.782938     
       53.40               5.016308              40413             1772.110027     
       53.50               5.016308              40566             1786.610080     
       53.60               5.016308              40823             1872.569655     
       53.70               5.016308              40933             2057.357123     
       53.80               5.016308              41096             1977.807639     
       53.90               5.016308              40990             1889.547777     
       54.00               5.016308              41089             1872.173291     
       54.10               5.016308              41261             1857.639622     
       54.20               5.016308              41401             1847.819119     
       54.30               5.016308              41553             1915.286725     
       54.40               5.016308              41502             2099.924779     
       54.50               5.016308              41448             1743.952956     
       54.60               5.016308              41444             1998.138938     
       54.70               5.016308              41341             1930.719525     
       54.80               5.016308              41298             1890.713092     
       54.90               5.016308              41449             1988.311489     
       55.00               5.016308              41451             1827.702067     
       55.10               5.016308              41469             2009.946278     
       55.20               5.016308              41455             1953.201745     
       55.30               5.016308              41519             2064.793001     
       55.40               5.016308              41399             1898.054204     
       55.50               5.016308              41365             1876.548307     
       55.60               5.016308              41397             2048.041867     
       55.70               5.016308              41392             1861.048870     
       55.80               5.016308              41370             1324.912617     
       55.90               5.016308              41430             1565.846348     
       56.00               5.016308              41483             1847.931079     
       56.10               5.016308              41452             1857.841892     
       56.20               5.016308              41440             2129.313658     
       56.30               5.016308              41430             1926.882709     
       56.40               5.016308              41287             1829.756853     
       56.50               5.016308              41260             1952.342982     
       56.60               5.016308              41189             1759.990660     
       56.70               5.016308              41320             1995.585007     
       56.80               5.016308              41406             2048.349223     
       56.90               5.016308              41319             2185.778673     
       57.00               5.016308              41328             2410.083825     
       57.10               5.016308              41317             2063.731106     
       57.20               5.016308              41343             1992.885359     
       57.30               5.016308              41178             2055.938787     
       57.40               5.016308              41196             1999.777809     
       57.50               5.016308              41268             1731.080435     
       57.60               5.016308              40993             1954.627432     
       57.70               5.016308              41032             1960.492829     
       57.80               5.016308              41052             2024.112584     
       57.90               5.016308              41209             1924.409724     
       58.00               5.016308              41334             1947.780373     
       58.10               5.016308              41415             1958.173844     
       58.20               5.016308              41368             1935.092113     
       58.30               5.016308              41385             1846.568817     
       58.40               5.016308              41337             2052.380400     
       58.50               5.016308              41253             2040.856778     
       58.60               5.016308              41072             1637.685687     
       58.70               5.016308              40991             1687.971648     
       58.80               5.016308              40891             1482.074445     
       58.90               5.016308              40676             1349.484509     
       59.00               5.016308              40431             1562.009192     
       59.10               5.016308              40333             1426.067814     
       59.20               5.016308              40525             1441.431403     
       59.30               5.016308              40562             1881.905623     
       59.40               5.016308              40763             1837.067986     
       59.50               5.016308              40927             1862.945790     
       59.60               5.016308              40989             2081.443246     
       59.70               5.016308              41108             1973.156510     
       59.80               5.016308              41367             1913.153865     
       59.90               5.016308              41501             1757.753064     
       60.00               5.016308              41497             1886.828663     
       60.10               5.016308              41577             1760.394729     
       60.20               5.016308              41658             1983.471598     
       60.30               5.016308              41830             2235.955086     
       60.40               5.016308              41807             2005.883648     
       60.50               5.016308              41875             1986.210241     
       60.60               5.016308              41947             2187.154326     
       60.70               5.016308              41745             2073.855945     
       60.80               5.016308              41697             2109.020533     
       60.90               5.016308              41600             1903.521697     
       61.00               5.016308              41456             2232.825421     
       61.10               5.016308              41503             1944.342299     
       61.20               5.016308              41492             1993.203009     
       61.30               5.016308              41377             2166.455145     
       61.40               5.016308              41427             2418.617115     
       61.50               5.016308              41376             2058.777960     
       61.60               5.016308              41493             2010.321529     
       61.70               5.016308              41419             1927.179417     
       61.80               5.016308              41371             1961.399449     
       61.90               5.016308              41290             1807.937844     
       62.00               5.016308              41321             1687.194986     
       62.10               5.016308              41297             1749.376164     
       62.20               5.016308              41315             1784.321461     
       62.30               5.016308              41453             1712.001500     
       62.40               5.016308              41635             1764.413123     
       62.50               5.016308              41613             1922.209977     
       62.60               5.016308              41590             1941.706911     
       62.70               5.016308              41627             1818.682940     
       62.80               5.016308              41652             1868.029853     
       62.90               5.016308              41754             1660.176851     
       63.00               5.016308              41666             1388.513259     
       63.10               5.016308              41428             1651.766890     
       63.20               5.016308              41128             1850.473378     
       63.30               5.016308              40925             1906.750574     
       63.40               5.016308              40902             1824.748882     
       63.50               5.016308              40895             2042.908688     
       63.60               5.016308              40765             1712.075996     
       63.70               5.016308              40658             2070.776413     
       63.80               5.016308              40687             2271.410289     
       63.90               5.016308              40809             2428.581202     
       64.00               5.016308              41081             2313.406262     
       64.10               5.016308              41110             2079.972952     
       64.20               5.016308              41152             2113.918192     
       64.30               5.016308              41019             2122.205958     
       64.40               5.016308              40999             1856.607391     
       64.50               5.016308              41020             1764.344381     
       64.60               5.016308              41078             1780.764096     
       64.70               5.016308              41211             2017.905407     
       64.80               5.016308              41207             1734.148404     
       64.90               5.016308              41202             1723.526914     
       65.00               5.016308              41097             1968.861407     
       65.10               5.016308              41234             1881.995675     
       65.20               5.016308              41396             1807.946104     
       65.30               5.016308              41559             1668.083260     
       65.40               5.016308              41712             1805.876351     
       65.50               5.016308              41746             1751.347781     
       65.60               5.016308              41718             1914.660339     
       65.70               5.016308              41609             1621.382311     
       65.80               5.016308              41640             1758.761638     
       65.90               5.016308              41599             1665.512725     
       66.00               5.016308              41521             1815.735805     
       66.10               5.016308              41564             2103.188503     
       66.20               5.016308              41371             1984.151074     
       66.30               5.016308              41303             2067.901389     
       66.40               5.016308              41223             2056.736550     
       66.50               5.016308              41168             2026.441967     
       66.60               5.016308              41168             2031.380811     
       66.70               5.016308              41100             2080.556110     
       66.80               5.016308              41137             2187.883487     
       66.90               5.016308              41057             2169.354002     
       67.00               5.016308              41076             1974.890816     
       67.10               5.016308              41042             1935.300021     
       67.20               5.016308              41118             1932.660940     
       67.30               5.016308              41054             1842.026114     
       67.40               5.016308              41150             2013.207518     
       67.50               5.016308              41053             1955.815146     
       67.60               5.016308              41070             2049.955365     
       67.70               5.016308              41093             2068.107630     
       67.80               5.016308              41083             1853.392458     
       67.90               5.016308              41036             1900.220517     
       68.00               5.016308              41189             1597.180553     
       68.10               5.016308              41240             1531.754606     
       68.20               5.016308              41275             1815.045919     
       68.30               5.016308              41269             1493.067853     
       68.40               5.016308              41234             1733.636633     
       68.50               5.016308              41319             2013.394850     
       68.60               5.016308              41052             1897.148314     
       68.70               5.016308              40940             2026.999783     
       68.80               5.016308              40960             1957.029079     
       68.90               5.016308              41125             1908.884190     
       69.00               5.016308              41121             1848.138141     
       69.10               5.016308              41095             1832.760016     
       69.20               5.016308              40905             2095.160335     
       69.30               5.016308              40866             2215.981936     
       69.40               5.016308              40816             2008.221466     
       69.50               5.016308              40689             1874.255783     
       69.60               5.016308              40646             2124.153510     
       69.70               5.016308              40646             2345.229526     
       69.80               5.016308              40664             2149.408401     
       69.90               5.016308              40720             2092.257546     
       70.00               5.016308              40755             2151.391424     
       70.10               5.016308              40657             2184.341841     
       70.20               5.016308              40638             2121.121396     
       70.30               5.016308              40759             1982.196790     
       70.40               5.016308              40869             2009.997766     
       70.50               5.016308              40844             1884.278974     
       70.60               5.016308              40889             1632.112164     
       70.70               5.016308              41121             1849.048768     
       70.80               5.016308              41195             1878.372000     
       70.90               5.016308              41277             1582.395448     
       71.00               5.016308              41378             1697.927252     
       71.10               5.016308              41357             1615.514616     
       71.20               5.016308              41290             1769.821023     
       71.30               5.016308              41347             1835.817705     
       71.40               5.016308              41336             2146.333639     
       71.50               5.016308              41368             1934.748630     
       71.60               5.016308              41364             1831.001530     
       71.70               5.016308              41212             1876.637595     
       71.80               5.016308              41430             1794.633582     
       71.90               5.016308              41377             1339.442356     
       72.00               5.016308              41359             1516.393620     
       72.10               5.016308              41145             1610.041794     
       72.20               5.016308              41187             1569.024225     
       72.30               5.016308              41094             1829.510496     
       72.40               5.016308              40997             1419.051605     
       72.50               5.016308              41029             1573.925951     
       72.60               5.016308              40922             1610.905918     
       72.70               5.016308              40976             1839.711334     
       72.80               5.016308              41031             1820.703399     
       72.90               5.016308              41340             1953.765835     
       73.00               5.016308              41431             1690.216527     
       73.10               5.016308              41459             1464.423715     
       73.20               5.016308              41401             1668.745377     
       73.30               5.016308              41440             1642.102858     
       73.40               5.016308              41306             1702.898891     
       73.50               5.016308              41275             1685.538460     
       73.60               5.016308              41489             1740.796564     
       73.70               5.016308              41652             1808.591640     
       73.80               5.016308              41659             1807.957448     
       73.90               5.016308              41630             1860.945502     
       74.00               5.016308              41716             1728.526078     
       74.10               5.016308              41825             1972.722030     
       74.20               5.016308              41785             1895.515138     
       74.30               5.016308              41826             1793.954011     
       74.40               5.016308              41912             2036.966492     
       74.50               5.016308              41839             1872.152411     
       74.60               5.016308              41746             1737.819108     
       74.70               5.016308              41512             1690.828253     
       74.80               5.016308              41513             1729.368799     
       74.90               5.016308              41338             1828.852872     
       75.00               5.016308              41321             1823.257758     
       75.10               5.016308              41278             1827.182814     
       75.20               5.016308              41204             1719.709175     
       75.30               5.016308              41232             1970.488931     
       75.40               5.016308              41215             1895.211779     
       75.50               5.016308              41022             1996.011268     
       75.60               5.016308              41114             1980.270012     
       75.70               5.016308              41119             1840.707145     
       75.80               5.016308              41256             1702.878466     
       75.90               5.016308              41282             1657.208998     
       76.00               5.016308              41264             1754.137726     
       76.10               5.016308              41283             1574.686954     
       76.20               5.016308              41329             1505.143540     
       76.30               5.016308              41401             1630.536996     
       76.40               5.016308              41449             1858.734053     
       76.50               5.016308              41541             1887.883407     
       76.60               5.016308              41430             1851.127203     
       76.70               5.016308              41311             2073.193931     
       76.80               5.016308              41057             2209.710057     
       76.90               5.016308              40958             2013.430978     
       77.00               5.016308              40902             2082.578852     
       77.10               5.016308              40760             2018.577696     
       77.20               5.016308              40841             2134.006399     
       77.30               5.016308              40947             2091.649676     
       77.40               5.016308              40948             2238.931058     
       77.50               5.016308              41143             2261.860880     
       77.60               5.016308              41212             2248.590819     
       77.70               5.016308              41316             2281.966014     
       77.80               5.016308              41495             1945.235771     
       77.90               5.016308              41517             2007.440749     
       78.00               5.016308              41572             1836.357058     
       78.10               5.016308              41565             1620.702342     
       78.20               5.016308              41382             1497.809547     
       78.30               5.016308              41270             1614.599716     
       78.40               5.016308              41059             1557.812980     
       78.50               5.016308              41058             1760.049021     
       78.60               5.016308              41108             1881.822306     
       78.70               5.016308              41136             1937.677672     
       78.80               5.016308              41200             1888.138745     
       78.90               5.016308              41099             1629.094674     
       79.00               5.016308              41239             1798.405590     
       79.10               5.016308              41342             1920.824044     
       79.20               5.016308              41318             2024.649540     
       79.30               5.016308              41268             1909.569818     
       79.40               5.016308              41280             2013.440910     
       79.50               5.016308              41395             1989.213517     
       79.60               5.016308              41395             1821.491695     
       79.70               5.016308              41415             1672.301668     
       79.80               5.016308              41448             1592.513287     
       79.90               5.016308              41331             1778.698880     
       80.00               5.016308              41277             1861.669251     
       80.10               5.016308              41396             2287.353192     
       80.20               5.016308              41447             2382.780764     
       80.30               5.016308              41409             2214.576716     
       80.40               5.016308              41403             2137.445578     
       80.50               5.016308              41484             1964.525651     
       80.60               5.016308              41555             2013.134026     
       80.70               5.016308              41544             1635.604346     
       80.80               5.016308              41554             1747.085966     
       80.90               5.016308              41556             1639.462820     
       81.00               5.016308              41504             1502.817417     
       81.10               5.016308              41491             1724.237444     
       81.20               5.016308              41420             1680.833026     
       81.30               5.016308              41399             1762.674582     
       81.40               5.016308              41355             1800.127607     
       81.50               5.016308              41227             1553.630059     
       81.60               5.016308              41190             1604.987681     
       81.70               5.016308              41067             1681.888669     
       81.80               5.016308              41150             1641.300159     
       81.90               5.016308              41209             1580.319292     
       82.00               5.016308              41199             1745.119134     
       82.10               5.016308              41237             1806.408761     
       82.20               5.016308              41145             2065.595628     
       82.30               5.016308              41109             2022.562831     
       82.40               5.016308              41140             2058.476559     
       82.50               5.016308              41247             1926.421771     
       82.60               5.016308              41287             2172.426585     
       82.70               5.016308              41295             1992.194923     
       82.80               5.016308              41332             1654.047303     
       82.90               5.016308              41379             1604.166687     
       83.00               5.016308              41369             1904.243675     
       83.10               5.016308              41398             1989.376367     
       83.20               5.016308              41316             1624.915275     
       83.30               5.016308              41263             1495.514528     
       83.40               5.016308              41072             1799.360133     
       83.50               5.016308              40989             1763.314162     
       83.60               5.016308              41133             1800.009696     
       83.70               5.016308              41152             1939.215825     
       83.80               5.016308              41189             1794.610719     
       83.90               5.016308              41119             1996.830206     
       84.00               5.016308              41196             2109.990919     
       84.10               5.016308              41095             2194.854805     
       84.20               5.016308              41010             2022.795758     
       84.30               5.016308              40834             1929.201976     
       84.40               5.016308              40922             2035.634242     
       84.50               5.016308              41032             1937.502162     
       84.60               5.016308              41065             1999.800595     
       84.70               5.016308              41099             1992.127287     
       84.80               5.016308              40884             2058.429851     
       84.90               5.016308              41049             2153.626544     
       85.00               5.016308              41152             2178.897462     
       85.10               5.016308              41208             1998.841054     
       85.20               5.016308              41320             1732.922437     
       85.30               5.016308              41170             1730.231970     
       85.40               5.016308              41271             1700.533460     
       85.50               5.016308              41395             1909.629288     
       85.60               5.016308              41444             1914.149092     
       85.70               5.016308              41500             1705.798029     
       85.80               5.016308              41436             1575.218782     
       85.90               5.016308              41489             1726.788866     
       86.00               5.016308              41416             1898.206596     
       86.10               5.016308              41534             1535.170812     
       86.20               5.016308              41707             1780.112331     
       86.30               5.016308              41751             1850.768105     
       86.40               5.016308              41774             1808.296599     
       86.50               5.016308              41801             1967.107224     
       86.60               5.016308              41689             2047.508260     
       86.70               5.016308              41647             1967.666888     
       86.80               5.016308              41650             2105.776754     
       86.90               5.016308              41587             2317.519850     
       87.00               5.016308              41258             2243.116543     
       87.10               5.016308              41103             1788.560610     
       87.20               5.016308              40960             2051.919131     
       87.30               5.016308              40898             1978.680689     
       87.40               5.016308              40848             1893.930064     
       87.50               5.016308              41025             1773.344861     
       87.60               5.016308              41173             1850.440418     
       87.70               5.016308              41157             1810.482647     
       87.80               5.016308              41201             1909.548438     
       87.90               5.016308              41182             1986.137616     
       88.00               5.016308              41232             1790.338960     
       88.10               5.016308              41317             1871.537421     
       88.20               5.016308              41372             1632.622039     
       88.30               5.016308              41493             1624.057203     
       88.40               5.016308              41486             1632.602678     
       88.50               5.016308              41653             1830.535190     
       88.60               5.016308              41633             1790.153725     
       88.70               5.016308              41641             1971.468783     
       88.80               5.016308              41427             1957.214263     
       88.90               5.016308              41364             2022.470553     
       89.00               5.016308              41073             2049.290989     
       89.10               5.016308              40947             2307.636771     
       89.20               5.016308              41024             2424.615897     
       89.30               5.016308              41087             2489.497151     
       89.40               5.016308              41194             2304.789125     
       89.50               5.016308              41200             2070.784197     
       89.60               5.016308              41330             2271.305525     
       89.70               5.016308              41400             2357.379974     
       89.80               5.016308              41458             2297.613310     
       89.90               5.016308              41549             2460.651074     
       90.00               5.016308              41566             2493.908556     
       90.10               5.016308              41511             2365.127905     
       90.20               5.016308              41398             2361.940375     
       90.30               5.016308              41347             2297.181169     
       90.40               5.016308              41227             2121.373648     
       90.50               5.016308              41106             2136.501107     
       90.60               5.016308              41134             2139.108471     
       90.70               5.016308              41369             2014.788428     
       90.80               5.016308              41480             1860.816627     
       90.90               5.016308              41630             1761.265693     
       91.00               5.016308              41710             1842.663059     
       91.10               5.016308              41789             2008.965318     
       91.20               5.016308              41770             1900.571422     
       91.30               5.016308              41832             2002.633098     
       91.40               5.016308              41842             1948.370059     
       91.50               5.016308              41662             1854.509981     
       91.60               5.016308              41507             1711.945090     
       91.70               5.016308              41249             1588.807751     
       91.80               5.016308              41152             1765.975943     
       91.90               5.016308              40994             1665.836831     
       92.00               5.016308              40773             1673.466059     
       92.10               5.016308              40684             1885.670278     
       92.20               5.016308              40669             1576.062591     
       92.30               5.016308              40755             1957.077837     
       92.40               5.016308              40781             1956.239173     
       92.50               5.016308              40828             1739.450256     
       92.60               5.016308              40674             1734.991215     
       92.70               5.016308              40784             1758.499600     
       92.80               5.016308              40801             1953.663833     
       92.90               5.016308              40850             2002.738062     
       93.00               5.016308              40940             2210.246815     
       93.10               5.016308              40910             2025.834738     
       93.20               5.016308              40996             2128.302067     
       93.30               5.016308              41022             1950.046379     
       93.40               5.016308              41181             1903.512539     
       93.50               5.016308              41156             1881.146146     
       93.60               5.016308              41153             2183.233325     
       93.70               5.016308              41099             2289.401472     
       93.80               5.016308              41019             2351.719270     
       93.90               5.016308              40828             2213.895891     
       94.00               5.016308              40713             2067.242842     
       94.10               5.016308              40679             2052.410736     
       94.20               5.016308              40659             2046.816395     
       94.30               5.016308              40568             1788.232084     
       94.40               5.016308              40643             1886.507961     
       94.50               5.016308              40685             1960.339061     
       94.60               5.016308              40797             2168.671860     
       94.70               5.016308              40920             2061.739238     
       94.80               5.016308              41026             2073.703600     
       94.90               5.016308              41098             2095.535875     
       95.00               5.016308              41001             2085.591518     
       95.10               5.016308              41124             2123.243249     
       95.20               5.016308              41118             2046.742974     
       95.30               5.016308              41144             1871.079321     
       95.40               5.016308              41234             1982.513971     
       95.50               5.016308              41095             1832.503877     
       95.60               5.016308              41220             1866.726533     
       95.70               5.016308              41245             1896.547109     
       95.80               5.016308              41330             2126.628317     
       95.90               5.016308              41424             1778.357920     
       96.00               5.016308              41363             1707.927489     
       96.10               5.016308              41115             1644.313729     
       96.20               5.016308              41067             2186.197233     
       96.30               5.016308              41062             2490.286906     
       96.40               5.016308              41175             2336.610939     
       96.50               5.016308              41133             2159.760217     
       96.60               5.016308              41163             2065.920314     
       96.70               5.016308              41356             2142.553670     
       96.80               5.016308              41548             2069.219560     
       96.90               5.016308              41537             1690.569453     
       97.00               5.016308              41308             1536.002962     
       97.10               5.016308              41114             1610.462835     
       97.20               5.016308              40960             1609.393004     
       97.30               5.016308              40821             1770.909915     
       97.40               5.016308              40756             1885.361444     
       97.50               5.016308              40664             1894.097595     
       97.60               5.016308              40563             1709.196967     
       97.70               5.016308              40471             1868.593703     
       97.80               5.016308              40421             1881.113457     
       97.90               5.016308              40491             2117.732733     
       98.00               5.016308              40576             2091.765142     
       98.10               5.016308              40687             1875.109168     
       98.20               5.016308              40949             2177.091793     
       98.30               5.016308              41110             2021.225379     
       98.40               5.016308              41235             1949.500135     
       98.50               5.016308              41381             1884.262139     
       98.60               5.016308              41463             1740.416927     
       98.70               5.016308              41596             1830.353884     
       98.80               5.016308              41671             2050.543742     
       98.90               5.016308              41875             1885.604945     
       99.00               5.016308              41903             1809.944657     
       99.10               5.016308              41927             1745.262317     
       99.20               5.016308              41972             1735.825164     
       99.30               5.016308              41938             1748.325614     
       99.40               5.016308              41801             1545.969292     
       99.50               5.016308              41714             1780.198951     
       99.60               5.016308              41724             1684.530184     
       99.70               5.016308              41708             1730.102762     
       99.80               5.016308              41755             1727.923877     
