        tauB               sizeBin             clust_size          interface_id       press_align_bub1     press_align_bub2     press_align_bub3     press_align_bub4     press_align_bub5  
        0.00               5.016308              33680                  1               5488.770646            0.000000             0.000000             0.000000             0.000000      
        0.10               5.016308              33665                  1               4420.097475            0.000000             0.000000             0.000000             0.000000      
        0.20               5.016308              34127                  1               3463.011507            0.000000             0.000000             0.000000             0.000000      
        0.30               5.016308              34483                  1               2630.991084            0.000000             0.000000             0.000000             0.000000      
        0.40               5.016308              34899                  1               -558.085363            0.000000             0.000000             0.000000             0.000000      
        0.50               5.016308              35286                  1               1691.675003            0.000000             0.000000             0.000000             0.000000      
        0.60               5.016308              35643                  1               1256.687791            0.000000             0.000000             0.000000             0.000000      
        0.70               5.016308              35952                  1               1008.694725            0.000000             0.000000             0.000000             0.000000      
        0.80               5.016308              36216                  1                809.890959           13.183229             0.000000             0.000000             0.000000      
        0.90               5.016308              36381                  2                680.171642            0.000000             0.000000             0.000000             0.000000      
        1.00               5.016308              36523                  4                659.893283           -19.668223           -10.011532           17.609270             0.000000      
        1.10               5.016308              36782                  1                608.347642            0.000000             0.000000             0.000000             0.000000      
        1.20               5.016308              36951                  2                601.623777            0.000000             0.000000             0.000000             0.000000      
        1.30               5.016308              37168                  1                575.986053           -2.531185             0.000000             0.000000             0.000000      
        1.40               5.016308              37257                  1                538.613183            0.000000             0.000000             0.000000             0.000000      
        1.50               5.016308              37354                  4                539.736724           64.455488             0.000000             0.000000             0.000000      
        1.60               5.016308              37475                  3                536.500723            0.000000             0.000000             0.000000             0.000000      
        1.70               5.016308              37502                  3                580.522612           -5.482338            -27.741339            0.000000             0.000000      
        1.80               5.016308              37465                  4                213.526583            5.691394            130.183912           -20.936157            0.000000      
        1.90               5.016308              37653                  3                550.984693            0.000000             0.000000             0.000000             0.000000      
        2.00               5.016308              37624                  3                551.170991           63.017743            -31.835525           16.332905             0.000000      
        2.10               5.016308              37683                  2                582.639507            0.000000             0.000000             0.000000             0.000000      
        2.20               5.016308              37774                  1                538.552154           62.901374             0.000000             0.000000             0.000000      
        2.30               5.016308              37921                  2                569.613715            0.000000             0.000000             0.000000             0.000000      
        2.40               5.016308              37834                  1                130.265294            0.000000             0.000000             0.000000             0.000000      
        2.50               5.016308              37818                  3                545.989888            0.000000             0.000000             0.000000             0.000000      
        2.60               5.016308              37954                  2                536.682374            0.000000             0.000000             0.000000             0.000000      
        2.70               5.016308              37942                  3                494.876245            0.000000             0.000000             0.000000             0.000000      
        2.80               5.016308              37964                  3                534.316198           18.363396             0.000000             0.000000             0.000000      
        2.90               5.016308              37896                  3                519.343805           19.162882            -3.533936             0.000000             0.000000      
        3.00               5.016308              37942                  4                517.010518           16.123621            16.929595             0.000000             0.000000      
        3.10               5.016308              37926                  3                527.930665           32.103965            20.436204            -13.249772            0.000000      
        3.20               5.016308              38025                  2                555.668005            0.000000             0.000000             0.000000             0.000000      
        3.30               5.016308              38115                  2                106.319818            0.000000             0.000000             0.000000             0.000000      
        3.40               5.016308              37877                  3                509.115443           -1.703158             0.000000             0.000000             0.000000      
        3.50               5.016308              37888                  3                522.629163           -25.769671            1.102164             0.000000             0.000000      
        3.60               5.016308              37831                  1                510.729865           -1.659975             0.000000             0.000000             0.000000      
        3.70               5.016308              37850                  3                533.676184            0.000000             0.000000             0.000000             0.000000      
        3.80               5.016308              37804                  1                562.877150            0.000000             0.000000             0.000000             0.000000      
        3.90               5.016308              37834                  3                534.036408           66.267512             0.000000             0.000000             0.000000      
        4.00               5.016308              37765                  2                583.891057           -0.612167             0.000000             0.000000             0.000000      
        4.10               5.016308              37677                  2                535.318323           30.575870             0.000000             0.000000             0.000000      
        4.20               5.016308              37805                  2               -305.353589            0.000000             0.000000             0.000000             0.000000      
        4.30               5.016308              37807                  2                545.540136            0.000000             0.000000             0.000000             0.000000      
        4.40               5.016308              37793                  5                552.642008           38.769652            40.858145            14.637163             0.000000      
        4.50               5.016308              37762                  1                556.877324           -20.272385           -3.875560             0.000000             0.000000      
        4.60               5.016308              37834                  3                593.818740            0.000000             0.000000             0.000000             0.000000      
        4.70               5.016308              37721                  5                584.335271            0.000000             0.000000             0.000000             0.000000      
        4.80               5.016308              37809                  4                561.370555           76.130254             0.000000             0.000000             0.000000      
        4.90               5.016308              37801                  2                535.405447            0.000000             0.000000             0.000000             0.000000      
        5.00               5.016308              37790                  4                484.605758            0.000000             0.000000             0.000000             0.000000      
        5.10               5.016308              37799                  1                127.688566           12.401281            20.295581             0.000000             0.000000      
        5.20               5.016308              37642                  1                266.663805           -1.005220             0.000000             0.000000             0.000000      
        5.30               5.016308              37603                  5                202.565691           30.390825            -24.744681           -3.149964            12.247431      
        5.40               5.016308              37513                  4                319.513297           -39.203648           15.672296            -15.331713            0.000000      
        5.50               5.016308              37544                  4                570.889332           -50.559055           -0.733052             0.000000             0.000000      
        5.60               5.016308              37504                  4                581.777312           32.558698             0.000000             0.000000             0.000000      
        5.70               5.016308              37439                  2                513.760633            7.790311             0.000000             0.000000             0.000000      
        5.80               5.016308              37411                  3                511.914516           55.206434            -1.242203             0.000000             0.000000      
        5.90               5.016308              37480                  1                540.678723            0.000000             0.000000             0.000000             0.000000      
        6.00               5.016308              37555                  1                574.028211            0.000000             0.000000             0.000000             0.000000      
        6.10               5.016308              37630                  1                320.741815           -24.193524           19.151442            65.983235             0.000000      
        6.20               5.016308              37604                  2                534.728231           -2.027524            -6.536611             0.000000             0.000000      
        6.30               5.016308              37723                  4                510.243605           -58.709162            0.000000             0.000000             0.000000      
        6.40               5.016308              37690                  3                484.835313           -48.307545            0.000000             0.000000             0.000000      
        6.50               5.016308              37581                  2                512.946061            0.000000             0.000000             0.000000             0.000000      
        6.60               5.016308              37496                  4                550.401738           11.692212            -8.084559             0.000000             0.000000      
        6.70               5.016308              37494                  2                493.778323            0.000000             0.000000             0.000000             0.000000      
        6.80               5.016308              37563                  6                537.561784          -107.798968            0.000000             0.000000             0.000000      
        6.90               5.016308              37550                  3               30140.668603          -21.194295            7.762717             0.000000             0.000000      
        7.00               5.016308              37501                  2                544.810907           -12.428529           84.513151             0.000000             0.000000      
        7.10               5.016308              37525                  4                515.824512            1.617501             0.000000             0.000000             0.000000      
        7.20               5.016308              37428                  4                -45.589996           -11.375875           -15.260880           -42.694740            0.000000      
        7.30               5.016308              37415                  1                150.494023            0.000000             0.000000             0.000000             0.000000      
        7.40               5.016308              37296                  4                531.133053            0.000000             0.000000             0.000000             0.000000      
        7.50               5.016308              37174                  1                533.342616            0.000000             0.000000             0.000000             0.000000      
        7.60               5.016308              37211                  1                496.696501           13.705501             0.000000             0.000000             0.000000      
        7.70               5.016308              37116                  1                523.505001            0.000000             0.000000             0.000000             0.000000      
        7.80               5.016308              37053                  1                531.801192           -81.234076           19.664888            -3.583516             0.000000      
        7.90               5.016308              37037                  2                501.727797            5.039630            13.323787             0.000000             0.000000      
        8.00               5.016308              36989                  2                544.465273            0.000000             0.000000             0.000000             0.000000      
        8.10               5.016308              36882                  1                505.561811           -5.908766            -0.628360             2.101548             0.000000      
        8.20               5.016308              36801                  1                575.212799            0.000000             0.000000             0.000000             0.000000      
        8.30               5.016308              36884                  1                569.982149           79.464479            -22.088002            0.000000             0.000000      
        8.40               5.016308              36837                  1                543.688707            0.000000             0.000000             0.000000             0.000000      
        8.50               5.016308              36998                  2                517.542879            0.609203             0.000000             0.000000             0.000000      
        8.60               5.016308              36845                  2                551.566077           34.449616             0.000000             0.000000             0.000000      
        8.70               5.016308              36922                  2                511.294414            0.000000             0.000000             0.000000             0.000000      
        8.80               5.016308              37021                  3                547.315857            0.000000             0.000000             0.000000             0.000000      
        8.90               5.016308              36965                  2               -292.169334            0.000000             0.000000             0.000000             0.000000      
        9.00               5.016308              36924                  1                582.103127            0.000000             0.000000             0.000000             0.000000      
        9.10               5.016308              36957                  2                566.058971            0.000000             0.000000             0.000000             0.000000      
        9.20               5.016308              36931                  1                553.800039            0.000000             0.000000             0.000000             0.000000      
        9.30               5.016308              36937                  1                612.978068            0.000000             0.000000             0.000000             0.000000      
        9.40               5.016308              36868                  2                601.407124            9.355393             0.000000             0.000000             0.000000      
        9.50               5.016308              36975                  1                615.580541            0.000000             0.000000             0.000000             0.000000      
        9.60               5.016308              36972                  2                564.034321            0.000000             0.000000             0.000000             0.000000      
        9.70               5.016308              37006                  2                541.797476            0.000000             0.000000             0.000000             0.000000      
        9.80               5.016308              37099                  1                576.064062            0.000000             0.000000             0.000000             0.000000      
        9.90               5.016308              37132                  2                537.668873            2.288601             0.000000             0.000000             0.000000      
       10.00               5.016308              37170                  2                554.556882           -27.276318            0.000000             0.000000             0.000000      
       10.10               5.016308              37276                  3                510.313753            0.000000             0.000000             0.000000             0.000000      
       10.20               5.016308              37253                  2                531.529589            0.000000             0.000000             0.000000             0.000000      
       10.30               5.016308              37180                  3                541.791304           34.876351            60.365385             0.000000             0.000000      
       10.40               5.016308              37232                  4                510.116364           14.401601             0.000000             0.000000             0.000000      
       10.50               5.016308              37073                  2                531.570980            0.000000             0.000000             0.000000             0.000000      
       10.60               5.016308              37178                  2                470.070020           -48.642759           35.991307             0.000000             0.000000      
       10.70               5.016308              37124                  1                508.607120           44.545573             0.000000             0.000000             0.000000      
       10.80               5.016308              37017                  2                491.143452           27.793673             0.000000             0.000000             0.000000      
       10.90               5.016308              36962                  3                516.876645           10.544524            -13.192520           -17.166208            0.000000      
       11.00               5.016308              36768                  4                550.364933           55.163436             6.652019            19.345147             0.000000      
       11.10               5.016308              36848                  2                545.082490           11.130853             0.151151             0.000000             0.000000      
       11.20               5.016308              36887                  4                32.990082             0.000000             0.000000             0.000000             0.000000      
       11.30               5.016308              36810                  1                163.792325           12.166213            -15.021234           -30.950429            0.000000      
       11.40               5.016308              36822                  1                536.688781           20.868814             0.000000             0.000000             0.000000      
       11.50               5.016308              36757                  1                606.539219            0.000000             0.000000             0.000000             0.000000      
       11.60               5.016308              36737                  1                590.200078            0.000000             0.000000             0.000000             0.000000      
       11.70               5.016308              36699                  1                578.099086           -6.029622             0.000000             0.000000             0.000000      
       11.80               5.016308              36604                  3               -350.501066            0.000000             0.000000             0.000000             0.000000      
       11.90               5.016308              36568                  3                559.574294            0.000000             0.000000             0.000000             0.000000      
       12.00               5.016308              36640                  4                186.048601           -18.015151           25.926741             0.000000             0.000000      
       12.10               5.016308              36685                  1                545.172389            0.000000             0.000000             0.000000             0.000000      
       12.20               5.016308              36822                  4                562.572191           -31.567109           -0.953230            -0.086924             0.000000      
       12.30               5.016308              36845                  3                562.491523            4.468685            -2.654269            -23.504952            0.000000      
       12.40               5.016308              36910                  2                548.643978           -7.189674             0.000000             0.000000             0.000000      
       12.50               5.016308              36860                  3                567.138650            0.000000             0.000000             0.000000             0.000000      
       12.60               5.016308              36985                  4                551.372043           49.300309             0.000000             0.000000             0.000000      
       12.70               5.016308              36833                  6                617.032992            7.233186             0.000000             0.000000             0.000000      
       12.80               5.016308              36705                  1                587.782048            0.000000             0.000000             0.000000             0.000000      
       12.90               5.016308              36751                  2                85.498440             0.000000             0.000000             0.000000             0.000000      
       13.00               5.016308              36793                  1                595.661984            0.000000             0.000000             0.000000             0.000000      
       13.10               5.016308              36822                  5                565.811287            0.000000             0.000000             0.000000             0.000000      
       13.20               5.016308              36733                  3                564.017124            0.000000             0.000000             0.000000             0.000000      
       13.30               5.016308              36807                  2                578.041998            0.000000             0.000000             0.000000             0.000000      
       13.40               5.016308              36823                  2               -432.998736           87.014863            -5.372499             0.000000             0.000000      
       13.50               5.016308              36713                  1                551.013181           37.569498            -10.612349            0.000000             0.000000      
       13.60               5.016308              36619                  3                564.902734           46.040537             7.671231             5.442310             0.000000      
       13.70               5.016308              36586                  3                573.964939           -7.296984            40.666983            17.086642             0.000000      
       13.80               5.016308              36458                  2                587.739228           91.962471            -3.575915             0.000000             0.000000      
       13.90               5.016308              36482                  4                554.147829           31.887298            -1.687964             0.000000             0.000000      
       14.00               5.016308              36574                  1                548.335987           33.114857             0.000000             0.000000             0.000000      
       14.10               5.016308              36464                  5                557.868379           -5.287292             0.000000             0.000000             0.000000      
       14.20               5.016308              36583                  2                588.451852           -51.548741            0.000000             0.000000             0.000000      
       14.30               5.016308              36548                  3                550.908241            0.000000             0.000000             0.000000             0.000000      
       14.40               5.016308              36637                  2                27.861489             0.000000             0.000000             0.000000             0.000000      
       14.50               5.016308              36771                  3                584.034982            0.000000             0.000000             0.000000             0.000000      
       14.60               5.016308              36927                  1                594.260252            0.000000             0.000000             0.000000             0.000000      
       14.70               5.016308              36816                  1                570.438721            0.000000             0.000000             0.000000             0.000000      
       14.80               5.016308              36868                  1                570.892339            0.000000             0.000000             0.000000             0.000000      
       14.90               5.016308              36917                  1                141.216800            0.000000             0.000000             0.000000             0.000000      
       15.00               5.016308              36935                  1                559.366411            0.000000             0.000000             0.000000             0.000000      
       15.10               5.016308              36933                  2                593.624835            0.000000             0.000000             0.000000             0.000000      
       15.20               5.016308              37042                  1                584.746571            0.000000             0.000000             0.000000             0.000000      
       15.30               5.016308              37072                  2                588.195137            0.000000             0.000000             0.000000             0.000000      
       15.40               5.016308              37135                  4                562.661881            0.000000             0.000000             0.000000             0.000000      
       15.50               5.016308              37158                  2                560.383436            3.407171            -20.585063            0.000000             0.000000      
       15.60               5.016308              37141                  3                539.189536           57.763956             0.000000             0.000000             0.000000      
       15.70               5.016308              37107                  1                518.200136            0.000000             0.000000             0.000000             0.000000      
       15.80               5.016308              37065                  1                533.752402            0.000000             0.000000             0.000000             0.000000      
       15.90               5.016308              37074                  1                292.600408            0.000000             0.000000             0.000000             0.000000      
       16.00               5.016308              37185                  1                559.826902            0.000000             0.000000             0.000000             0.000000      
       16.10               5.016308              37203                  2               1491.213283            0.000000             0.000000             0.000000             0.000000      
       16.20               5.016308              37241                  2                552.141465           -66.154821            0.000000             0.000000             0.000000      
       16.30               5.016308              37317                  2                587.550639           -16.974015            0.000000             0.000000             0.000000      
       16.40               5.016308              37287                  2                93.240608            42.980787             0.000000             0.000000             0.000000      
       16.50               5.016308              37265                  3                526.937587           -8.579708            -10.811263           46.743116            30.792679      
       16.60               5.016308              37124                  2                532.425824            0.000000             0.000000             0.000000             0.000000      
       16.70               5.016308              37187                  2                513.761373           -18.910620            0.000000             0.000000             0.000000      
       16.80               5.016308              37279                  2                508.534908            0.000000             0.000000             0.000000             0.000000      
       16.90               5.016308              37262                  1                526.592569            0.000000             0.000000             0.000000             0.000000      
       17.00               5.016308              37282                  1                497.348452            0.000000             0.000000             0.000000             0.000000      
       17.10               5.016308              37210                  1                499.826218            0.000000             0.000000             0.000000             0.000000      
       17.20               5.016308              37163                  3                310.107631           -40.209969            9.917996            15.292413             1.451834      
       17.30               5.016308              37089                  1                506.567745            7.647032            26.008249             0.000000             0.000000      
       17.40               5.016308              37054                  2                515.326191          -703.713159           -43.852920           25.815307            -3.150384      
       17.50               5.016308              37124                  1                535.246156           16.664796            -6.657312            36.398866             0.000000      
       17.60               5.016308              37184                  2                489.470601           -15.430821           -18.450944            0.000000             0.000000      
       17.70               5.016308              37194                  2                465.573133            0.000000             0.000000             0.000000             0.000000      
       17.80               5.016308              37190                  2                489.095924           -17.000949            0.000000             0.000000             0.000000      
       17.90               5.016308              37154                  3                486.292077           -1.695492            35.257071            11.502113             0.000000      
       18.00               5.016308              37022                  1                485.738933           -32.671732            0.000000             0.000000             0.000000      
       18.10               5.016308              36932                  2                515.261751           34.686252            -9.161065            10.753534             0.000000      
       18.20               5.016308              36675                  3               -241.487645           20.540149            -15.602213            5.615771             0.000000      
       18.30               5.016308              36663                  2                551.226157           -7.405559             0.000000             0.000000             0.000000      
       18.40               5.016308              36667                  1                535.419696            0.000000             0.000000             0.000000             0.000000      
       18.50               5.016308              36779                  1                445.667829            0.000000             0.000000             0.000000             0.000000      
       18.60               5.016308              36820                  1               -666.136488            0.000000             0.000000             0.000000             0.000000      
       18.70               5.016308              36824                  2                512.071081           -7.348217             0.000000             0.000000             0.000000      
       18.80               5.016308              36722                  3                508.728413            0.000000             0.000000             0.000000             0.000000      
       18.90               5.016308              36777                  1                505.815309           -40.789844            0.000000             0.000000             0.000000      
       19.00               5.016308              36792                  3                567.350922            0.000000             0.000000             0.000000             0.000000      
       19.10               5.016308              36850                  1                546.104682           -27.790262            0.000000             0.000000             0.000000      
       19.20               5.016308              36864                  3                511.147899           109.564830            0.000000             0.000000             0.000000      
       19.30               5.016308              36834                  4                211.601474            0.000000             0.000000             0.000000             0.000000      
       19.40               5.016308              36653                  4               -141.047147           -14.605559            4.390552             4.731935             0.000000      
       19.50               5.016308              36523                  1                445.077787            0.000000             0.000000             0.000000             0.000000      
       19.60               5.016308              36537                  2                487.229278           -1.700834            -27.152119            0.000000             0.000000      
       19.70               5.016308              36462                  1                526.567463           -3.710556             0.000000             0.000000             0.000000      
       19.80               5.016308              36530                  3                504.020036            0.000000             0.000000             0.000000             0.000000      
       19.90               5.016308              36294                  1                503.734097            6.781945            26.614622            -98.909839            0.000000      
       20.00               5.016308              36320                  2                475.204540          -162.131887           -3.242112            -55.456451            0.000000      
       20.10               5.016308              36251                  2                501.271459           -10.938782            0.000000             0.000000             0.000000      
       20.20               5.016308              36168                  2                519.184222           -42.997907           -11.657403            0.000000             0.000000      
       20.30               5.016308              36194                  4                569.874798            6.415694             0.000000             0.000000             0.000000      
       20.40               5.016308              36237                  4                591.411602            8.594556             0.000000             0.000000             0.000000      
       20.50               5.016308              36131                  2                572.260746            3.989057             0.000000             0.000000             0.000000      
       20.60               5.016308              36219                  2                573.548541           -20.606660            0.000000             0.000000             0.000000      
       20.70               5.016308              36228                  1                557.992093            0.000000             0.000000             0.000000             0.000000      
       20.80               5.016308              36429                  1                574.879922           -63.389928            0.000000             0.000000             0.000000      
       20.90               5.016308              36408                  1               -125.031880            0.000000             0.000000             0.000000             0.000000      
       21.00               5.016308              36432                  3                562.848031            0.000000             0.000000             0.000000             0.000000      
       21.10               5.016308              36533                  2                544.831183            0.000000             0.000000             0.000000             0.000000      
       21.20               5.016308              36640                  1                545.865990            0.000000             0.000000             0.000000             0.000000      
       21.30               5.016308              36751                  1                556.191186            0.000000             0.000000             0.000000             0.000000      
       21.40               5.016308              36895                  1                555.311522            0.000000             0.000000             0.000000             0.000000      
       21.50               5.016308              36949                  2                550.001378            0.000000             0.000000             0.000000             0.000000      
       21.60               5.016308              37050                  3                214.855928            0.000000             0.000000             0.000000             0.000000      
       21.70               5.016308              37116                  1                556.019004            0.000000             0.000000             0.000000             0.000000      
       21.80               5.016308              37259                  4                568.023628            9.601388             0.000000             0.000000             0.000000      
       21.90               5.016308              37310                  1                539.047776            0.000000             0.000000             0.000000             0.000000      
       22.00               5.016308              37389                  2                536.789871            0.000000             0.000000             0.000000             0.000000      
       22.10               5.016308              37510                  3                479.928570           53.268707            -40.876792            0.000000             0.000000      
       22.20               5.016308              37467                  5                522.615525           62.715028            -4.812378             0.000000             0.000000      
       22.30               5.016308              37334                  2                492.375915            0.000000             0.000000             0.000000             0.000000      
       22.40               5.016308              37474                  2                504.942692            5.531620             0.000000             0.000000             0.000000      
       22.50               5.016308              37468                  1                494.908731            0.000000             0.000000             0.000000             0.000000      
       22.60               5.016308              37588                  1                495.830598            0.000000             0.000000             0.000000             0.000000      
       22.70               5.016308              37519                  2                507.141988           -38.022331            0.000000             0.000000             0.000000      
       22.80               5.016308              37561                  2                483.278717            0.000000             0.000000             0.000000             0.000000      
       22.90               5.016308              37549                  2                514.870646            0.000000             0.000000             0.000000             0.000000      
       23.00               5.016308              37510                  2                471.141307           -19.772047            0.000000             0.000000             0.000000      
       23.10               5.016308              37329                  3                75.503374            -3.728925            56.665611             0.000000             0.000000      
       23.20               5.016308              37404                  3                531.921648           -19.647263           -90.396965            0.000000             0.000000      
       23.30               5.016308              37351                  2                475.433909            0.000000             0.000000             0.000000             0.000000      
       23.40               5.016308              37171                  2                395.773058            0.000000             0.000000             0.000000             0.000000      
       23.50               5.016308              37149                  1                495.100543            0.000000             0.000000             0.000000             0.000000      
       23.60               5.016308              37127                  2                506.554641           104.358275            0.000000             0.000000             0.000000      
       23.70               5.016308              36950                  1               2821.988383           -21.586841            0.000000             0.000000             0.000000      
       23.80               5.016308              37079                  1                581.043032            0.000000             0.000000             0.000000             0.000000      
       23.90               5.016308              37071                  2                538.145103            0.000000             0.000000             0.000000             0.000000      
       24.00               5.016308              37132                  4                570.270107           25.077722            -17.109056            0.000000             0.000000      
       24.10               5.016308              37132                  2                560.048821            0.000000             0.000000             0.000000             0.000000      
       24.20               5.016308              37131                  3                541.782492           45.269717             0.000000             0.000000             0.000000      
       24.30               5.016308              37148                  1                537.141585           -21.734697            0.000000             0.000000             0.000000      
       24.40               5.016308              37294                  2                578.307476           -3.669287             0.000000             0.000000             0.000000      
       24.50               5.016308              37141                  1                751.842475            5.706656             0.000000             0.000000             0.000000      
       24.60               5.016308              37141                  1               -4502.872816           0.000000             0.000000             0.000000             0.000000      
       24.70               5.016308              37043                  2                577.140048            0.000000             0.000000             0.000000             0.000000      
       24.80               5.016308              37067                  4                552.836982           -34.889293           15.926586             0.000000             0.000000      
       24.90               5.016308              37096                  1                559.409806           -45.991339            0.000000             0.000000             0.000000      
       25.00               5.016308              37086                  1                531.928895            0.000000             0.000000             0.000000             0.000000      
       25.10               5.016308              37110                  2                549.089022           -8.517464            15.356673            -16.046350            0.000000      
       25.20               5.016308              37195                  3                554.946816           37.645330            -47.344749            0.000000             0.000000      
       25.30               5.016308              37110                  2                590.500816            0.000000             0.000000             0.000000             0.000000      
       25.40               5.016308              37106                  1                569.184433            0.000000             0.000000             0.000000             0.000000      
       25.50               5.016308              36980                  3                580.804043           -31.291995            0.000000             0.000000             0.000000      
       25.60               5.016308              37071                  3                564.427451           -13.736175            0.000000             0.000000             0.000000      
       25.70               5.016308              37026                  4                537.763202           -36.753280            0.000000             0.000000             0.000000      
       25.80               5.016308              36951                  2                530.951292            1.172981             0.000000             0.000000             0.000000      
       25.90               5.016308              36985                  3                562.849281           79.091311            -20.086624            0.000000             0.000000      
       26.00               5.016308              36894                  1                548.166574            0.000000             0.000000             0.000000             0.000000      
       26.10               5.016308              37018                  1                555.416095           13.439486            50.130224             0.000000             0.000000      
       26.20               5.016308              36986                  2                552.897337           -1.870704             0.000000             0.000000             0.000000      
       26.30               5.016308              37073                  2                551.597190            0.000000             0.000000             0.000000             0.000000      
       26.40               5.016308              37024                  1                552.742257           53.561987             0.000000             0.000000             0.000000      
       26.50               5.016308              36971                  1                545.583604            0.000000             0.000000             0.000000             0.000000      
       26.60               5.016308              36968                  3                519.696322           45.317620            -0.718111            24.574283             0.000000      
       26.70               5.016308              36993                  2                185.968191            0.000000             0.000000             0.000000             0.000000      
       26.80               5.016308              36870                  3                468.271191           -19.696112           -38.665141            0.000000             0.000000      
       26.90               5.016308              36983                  5                489.892929           -2.986321            -28.508434           -24.783399            0.000000      
       27.00               5.016308              36980                  3                508.884775           45.157812            40.660318             0.000000             0.000000      
       27.10               5.016308              36888                  1                264.606128           -12.934552            0.000000             0.000000             0.000000      
       27.20               5.016308              36853                  1                497.847476            0.000000             0.000000             0.000000             0.000000      
       27.30               5.016308              36869                  3                534.345683           25.005103            -38.518687           28.983060            -0.209862      
       27.40               5.016308              36744                  2                543.918906            0.000000             0.000000             0.000000             0.000000      
       27.50               5.016308              36730                  2                521.334925           77.424011             0.000000             0.000000             0.000000      
       27.60               5.016308              36510                  1                582.817214            0.000000             0.000000             0.000000             0.000000      
       27.70               5.016308              36508                  1                572.548612            0.000000             0.000000             0.000000             0.000000      
       27.80               5.016308              36467                  2                546.562514           86.491146            -11.089287            0.000000             0.000000      
       27.90               5.016308              36403                  2                574.752721            1.160563            12.093735             0.000000             0.000000      
       28.00               5.016308              36531                  1                555.863882            0.000000             0.000000             0.000000             0.000000      
       28.10               5.016308              36519                  3                558.206728           -31.871826            0.000000             0.000000             0.000000      
       28.20               5.016308              36525                  1                543.193549           -26.294046           -16.428361            0.000000             0.000000      
       28.30               5.016308              36507                  2                523.552329           120.671160           15.955268             0.000000             0.000000      
       28.40               5.016308              36445                  3                505.416922           -28.218391            0.000000             0.000000             0.000000      
       28.50               5.016308              36374                  2                598.365557            0.000000             0.000000             0.000000             0.000000      
       28.60               5.016308              36354                  1                80.219283            37.606133             0.000000             0.000000             0.000000      
       28.70               5.016308              36287                  4                598.704794            0.000000             0.000000             0.000000             0.000000      
       28.80               5.016308              36303                  2                656.951478            0.000000             0.000000             0.000000             0.000000      
       28.90               5.016308              36386                  5                554.051842           72.905605             0.000000             0.000000             0.000000      
       29.00               5.016308              36200                  1               -210.531780            0.000000             0.000000             0.000000             0.000000      
       29.10               5.016308              36169                  2                604.115815            0.000000             0.000000             0.000000             0.000000      
       29.20               5.016308              36161                  3               -344.974937           16.418640             0.000000             0.000000             0.000000      
       29.30               5.016308              36279                  1                601.785907            0.000000             0.000000             0.000000             0.000000      
       29.40               5.016308              36298                  2                619.573642            0.000000             0.000000             0.000000             0.000000      
       29.50               5.016308              36482                  2                553.028526            0.000000             0.000000             0.000000             0.000000      
       29.60               5.016308              36522                  4                553.834552            8.741142             0.000000             0.000000             0.000000      
       29.70               5.016308              36626                  2                474.781339            0.000000             0.000000             0.000000             0.000000      
       29.80               5.016308              36597                  2                549.318288            0.000000             0.000000             0.000000             0.000000      
       29.90               5.016308              36610                  1                571.653509            0.000000             0.000000             0.000000             0.000000      
       30.00               5.016308              36678                  1                571.428360            0.000000             0.000000             0.000000             0.000000      
       30.10               5.016308              36794                  1                599.039961            0.000000             0.000000             0.000000             0.000000      
       30.20               5.016308              36874                  1                283.176004           -20.039885            0.000000             0.000000             0.000000      
       30.30               5.016308              37009                  1                566.987375            0.000000             0.000000             0.000000             0.000000      
       30.40               5.016308              37033                  1                555.302710            0.000000             0.000000             0.000000             0.000000      
       30.50               5.016308              37188                  4                590.532799           58.010314             0.000000             0.000000             0.000000      
       30.60               5.016308              37332                  1                98.023568             0.000000             0.000000             0.000000             0.000000      
       30.70               5.016308              37283                  2                520.790825            0.000000             0.000000             0.000000             0.000000      
       30.80               5.016308              37135                  5                505.192098           -40.378267           14.179328            22.508212             0.000000      
       30.90               5.016308              37046                  3                518.576118            0.000000             0.000000             0.000000             0.000000      
       31.00               5.016308              37016                  1                352.359331            0.000000             0.000000             0.000000             0.000000      
       31.10               5.016308              37100                  1                562.276058           -48.578228            0.000000             0.000000             0.000000      
       31.20               5.016308              37086                  1                521.034171            0.000000             0.000000             0.000000             0.000000      
       31.30               5.016308              37210                  2                524.496896            0.000000             0.000000             0.000000             0.000000      
       31.40               5.016308              37173                  3                536.087702           18.127984             4.554615             0.000000             0.000000      
       31.50               5.016308              37195                  4                556.113030            0.000000             0.000000             0.000000             0.000000      
       31.60               5.016308              37133                  2                539.065990           157.640351            0.000000             0.000000             0.000000      
       31.70               5.016308              37298                  1                526.605251            0.000000             0.000000             0.000000             0.000000      
       31.80               5.016308              37437                  1                539.255486          -271.644224            0.000000             0.000000             0.000000      
       31.90               5.016308              37370                  4                559.514986          -390.507555           10.712922             0.000000             0.000000      
       32.00               5.016308              37448                  2                508.714199           108.997244            1.088390             0.000000             0.000000      
       32.10               5.016308              37215                  2               2248.069795           -33.865844            5.766042             0.000000             0.000000      
       32.20               5.016308              37135                  4                525.184097           24.100802             0.265890            -0.175741             0.000000      
       32.30               5.016308              37260                  3                568.598478          -315.421113            0.000000             0.000000             0.000000      
       32.40               5.016308              37261                  2                390.198795           -19.216920            0.000000             0.000000             0.000000      
       32.50               5.016308              37273                  2                574.773227          -257.178773           -18.149825           -39.377311            0.000000      
       32.60               5.016308              37414                  1                587.269943          -212.460209            0.000000             0.000000             0.000000      
       32.70               5.016308              37460                  1                562.876937            0.000000             0.000000             0.000000             0.000000      
       32.80               5.016308              37508                  2                578.421370           13.413248             0.000000             0.000000             0.000000      
       32.90               5.016308              37470                  2                434.259271           -0.163527             0.000000             0.000000             0.000000      
       33.00               5.016308              37466                  1                564.412440           86.127891            -2.239254             0.000000             0.000000      
       33.10               5.016308              37540                  3                575.924360            0.000000             0.000000             0.000000             0.000000      
       33.20               5.016308              37479                  2               2031.137837            0.000000             0.000000             0.000000             0.000000      
       33.30               5.016308              37423                  1                544.338425            0.000000             0.000000             0.000000             0.000000      
       33.40               5.016308              37408                  1                540.380351           -39.866007            0.000000             0.000000             0.000000      
       33.50               5.016308              37355                  2                529.527230            0.000000             0.000000             0.000000             0.000000      
       33.60               5.016308              37377                  1                514.347257            0.000000             0.000000             0.000000             0.000000      
       33.70               5.016308              37492                  1                514.557128           -22.565779            0.000000             0.000000             0.000000      
       33.80               5.016308              37520                  2                -19.762868           141.484185           -48.510304           80.883367             0.000000      
       33.90               5.016308              37531                  4                205.399661           -51.252894           76.027217             0.000000             0.000000      
       34.00               5.016308              37499                  3                520.426511           -5.691853             0.000000             0.000000             0.000000      
       34.10               5.016308              37496                  4                531.869463            0.000000             0.000000             0.000000             0.000000      
       34.20               5.016308              37481                  1                165.922517            6.945007             0.000000             0.000000             0.000000      
       34.30               5.016308              37398                  4                537.916845            0.000000             0.000000             0.000000             0.000000      
       34.40               5.016308              37427                  5                29.170445            -57.713653           -92.405008            8.124279               nan         
       34.50               5.016308              37595                  6                473.725329           -16.703548            0.000000             0.000000             0.000000      
       34.60               5.016308              37412                  3                501.501955            0.000000             0.000000             0.000000             0.000000      
       34.70               5.016308              37312                  2                497.504631            0.000000             0.000000             0.000000             0.000000      
       34.80               5.016308              37189                  1                217.063686           -90.531161           45.236857            -14.556039            6.006145      
       34.90               5.016308              37074                  1                238.828634            3.786253            31.513652             0.000000             0.000000      
       35.00               5.016308              36890                  2                -72.733138            0.280451            30.646294             0.000000             0.000000      
       35.10               5.016308              36950                  4                -37.656025           29.780183            -86.067359            8.738541             0.133539      
       35.20               5.016308              36936                  2                502.253280           13.143406             0.000000             0.000000             0.000000      
       35.30               5.016308              36911                  2                483.787936            0.000000             0.000000             0.000000             0.000000      
       35.40               5.016308              36875                  2                508.423302           10.395815             0.000000             0.000000             0.000000      
       35.50               5.016308              36779                  2                516.785622            0.000000             0.000000             0.000000             0.000000      
       35.60               5.016308              36674                  4                526.413256           25.369352             5.092130             0.000000             0.000000      
       35.70               5.016308              36581                  3                545.183004            0.000000             0.000000             0.000000             0.000000      
       35.80               5.016308              36629                  1                555.892627            0.000000             0.000000             0.000000             0.000000      
       35.90               5.016308              36684                  2                194.143839            0.000000             0.000000             0.000000             0.000000      
       36.00               5.016308              36785                  2                567.020275           -21.087032            0.000000             0.000000             0.000000      
       36.10               5.016308              36619                  1                585.736599            0.000000             0.000000             0.000000             0.000000      
       36.20               5.016308              36548                  2                582.643300           27.174758            -90.672741            0.000000             0.000000      
       36.30               5.016308              36561                  5                529.103021           -33.311747            0.000000             0.000000             0.000000      
       36.40               5.016308              36287                  1                252.907047            0.000000             0.000000             0.000000             0.000000      
       36.50               5.016308              36307                  2                139.434276            0.000000             0.000000             0.000000             0.000000      
       36.60               5.016308              36225                  2                547.118758           68.117339            -2.089107             0.000000             0.000000      
       36.70               5.016308              36278                  1                586.170097            0.000000             0.000000             0.000000             0.000000      
       36.80               5.016308              36254                  3                565.838664           -14.150735           -5.829510             0.000000             0.000000      
       36.90               5.016308              36221                  1                575.642039            0.000000             0.000000             0.000000             0.000000      
       37.00               5.016308              36253                  2                581.478134           -23.928598           28.501747             0.000000             0.000000      
       37.10               5.016308              36294                  2                588.980584           36.869654             0.000000             0.000000             0.000000      
       37.20               5.016308              36521                  2                590.215168            1.167266             0.000000             0.000000             0.000000      
       37.30               5.016308              36638                  1                568.061265            0.000000             0.000000             0.000000             0.000000      
       37.40               5.016308              36753                  4                558.487038           -2.675884            24.667976            -59.685075            3.625850      
       37.50               5.016308              36741                  3                543.428556           -0.091500             0.000000             0.000000             0.000000      
       37.60               5.016308              36812                  3                627.565647           25.475025             0.000000             0.000000             0.000000      
       37.70               5.016308              36908                  1                609.737185            0.000000             0.000000             0.000000             0.000000      
       37.80               5.016308              36865                  2                585.856958            0.000000             0.000000             0.000000             0.000000      
       37.90               5.016308              36805                  3                586.897610           40.471789             0.000000             0.000000             0.000000      
       38.00               5.016308              36866                  1                567.374063            0.000000             0.000000             0.000000             0.000000      
       38.10               5.016308              36942                  1                555.618045            0.000000             0.000000             0.000000             0.000000      
       38.20               5.016308              36983                  1                404.514558           28.129742            -24.497238            0.000000             0.000000      
       38.30               5.016308              37117                  1                248.832222            3.784250            -7.580328             0.000000             0.000000      
       38.40               5.016308              37160                  2                504.178055           26.669088             0.000000             0.000000             0.000000      
       38.50               5.016308              37220                  2                512.389062            0.000000             0.000000             0.000000             0.000000      
       38.60               5.016308              37232                  3                518.125166           26.754759            -13.734478            0.000000             0.000000      
       38.70               5.016308              37138                  2                544.356636            0.000000             0.000000             0.000000             0.000000      
       38.80               5.016308              37106                  3                253.093961           -18.762322            0.000000             0.000000             0.000000      
       38.90               5.016308              36893                  2                519.871072           -39.978809            0.000000             0.000000             0.000000      
       39.00               5.016308              36847                  2                530.139449           -36.737464            0.000000             0.000000             0.000000      
       39.10               5.016308              36782                  2                586.013138           -83.097813           -1.061747             0.000000             0.000000      
       39.20               5.016308              36804                  2                500.989321            0.000000             0.000000             0.000000             0.000000      
       39.30               5.016308              36888                  1                550.068048            0.000000             0.000000             0.000000             0.000000      
       39.40               5.016308              36922                  2                575.126705           -79.824888           -5.021280             0.000000             0.000000      
       39.50               5.016308              37020                  1                515.745837            0.000000             0.000000             0.000000             0.000000      
       39.60               5.016308              37118                  1                546.291932            0.000000             0.000000             0.000000             0.000000      
       39.70               5.016308              37170                  3                550.540709            0.000000             0.000000             0.000000             0.000000      
       39.80               5.016308              37232                  2                554.713091           -1.176557             0.000000             0.000000             0.000000      
       39.90               5.016308              37326                  1                559.100897           -20.942924            0.000000             0.000000             0.000000      
       40.00               5.016308              37284                  2                347.174466            1.678893             0.000000             0.000000             0.000000      
       40.10               5.016308              37242                  2                117.926221           36.410426             0.000000             0.000000             0.000000      
       40.20               5.016308              37093                  2               -370.223873            0.000000             0.000000             0.000000             0.000000      
       40.30               5.016308              37034                  5                546.856298           70.258512            15.571483            28.546467             0.000000      
       40.40               5.016308              36959                  3                544.609361            0.000000             0.000000             0.000000             0.000000      
       40.50               5.016308              36908                  2                305.420169            0.000000             0.000000             0.000000             0.000000      
       40.60               5.016308              36923                  2                507.359124            0.000000             0.000000             0.000000             0.000000      
       40.70               5.016308              36937                  1                531.970589            0.000000             0.000000             0.000000             0.000000      
       40.80               5.016308              37045                  3                521.702045            0.000000             0.000000             0.000000             0.000000      
       40.90               5.016308              37013                  3                498.185280           -34.354299            0.000000             0.000000             0.000000      
       41.00               5.016308              37053                  2                434.697224           26.417075             4.663866             0.000000             0.000000      
       41.10               5.016308              37054                  2                489.421041            2.938020             0.000000             0.000000             0.000000      
       41.20               5.016308              37179                  1                457.351370            0.000000             0.000000             0.000000             0.000000      
       41.30               5.016308              37179                  4                499.876129           -30.378232            0.000000             0.000000             0.000000      
       41.40               5.016308              37127                  4                470.828887            3.656742             2.305715             0.000000             0.000000      
       41.50               5.016308              37037                  1                492.152720            0.000000             0.000000             0.000000             0.000000      
       41.60               5.016308              37045                  2                491.551280           -13.175217            0.000000             0.000000             0.000000      
       41.70               5.016308              37052                  1                493.087547            0.000000             0.000000             0.000000             0.000000      
       41.80               5.016308              36982                  3                544.411491           50.145577             0.000000             0.000000             0.000000      
       41.90               5.016308              36780                  3                493.806803           -25.003453           -5.444051             0.000000             0.000000      
       42.00               5.016308              36812                  1                488.905635           66.821344             0.000000             0.000000             0.000000      
       42.10               5.016308              36974                  2                487.577398           -0.017167             0.000000             0.000000             0.000000      
       42.20               5.016308              36950                  2                489.312964            1.885801             0.000000             0.000000             0.000000      
       42.30               5.016308              36785                  5                457.995296           -0.463870            143.311943           -19.959773           11.505643      
       42.40               5.016308              36903                  5                320.231801           12.017293            -21.907298           -58.694565            0.023822      
       42.50               5.016308              36977                  3                468.143341           -1.645229             0.000000             0.000000             0.000000      
       42.60               5.016308              36934                  4                475.564979           -0.634134            -15.494111            0.000000             0.000000      
       42.70               5.016308              36889                  1                461.655662           24.117771            16.884028             9.393049            -0.429058      
       42.80               5.016308              36980                  2                510.042020            7.511876             0.000000             0.000000             0.000000      
       42.90               5.016308              37043                  2                461.382554           -19.969193            0.000000             0.000000             0.000000      
       43.00               5.016308              36984                  4                479.774078           -22.427824           -33.720911           -70.159641            0.000000      
       43.10               5.016308              37056                  2                484.742300            0.000000             0.000000             0.000000             0.000000      
       43.20               5.016308              36911                  3                493.712426            0.000000             0.000000             0.000000             0.000000      
       43.30               5.016308              36850                  3                498.769653           -2.863780            14.037423            47.646262               nan         
       43.40               5.016308              36844                  4                478.957202           16.557462            -18.423070            9.887743               nan         
       43.50               5.016308              36795                  1                502.509515            0.000000             0.000000             0.000000             0.000000      
       43.60               5.016308              36748                  1                489.307421            0.000000             0.000000             0.000000             0.000000      
       43.70               5.016308              36757                  3                479.921616            0.000000             0.000000             0.000000             0.000000      
       43.80               5.016308              36643                  2                507.884063            0.000000             0.000000             0.000000             0.000000      
       43.90               5.016308              36484                  2                487.979379            0.000000             0.000000             0.000000             0.000000      
       44.00               5.016308              36372                  1                541.986085           90.227245             0.000000             0.000000             0.000000      
