        tauB               sizeBin             clust_size          interface_id       press_align_bub1     press_align_bub2     press_align_bub3     press_align_bub4     press_align_bub5  
        0.00               5.016308              28399                  1               4423.923009            0.000000             0.000000             0.000000             0.000000      
        0.10               5.016308              28324                  1               3563.788878            0.000000             0.000000             0.000000             0.000000      
        0.20               5.016308              28619                  1               2758.321485            0.000000             0.000000             0.000000             0.000000      
        0.30               5.016308              29031                  1               2099.863316            0.000000             0.000000             0.000000             0.000000      
        0.40               5.016308              29437                  1               1659.828834            0.000000             0.000000             0.000000             0.000000      
        0.50               5.016308              29791                  1               1132.957019            0.000000             0.000000             0.000000             0.000000      
        0.60               5.016308              30132                  1                932.061476            0.000000             0.000000             0.000000             0.000000      
        0.70               5.016308              30374                  2                708.708335           32.491592             0.000000             0.000000             0.000000      
        0.80               5.016308              30692                  2                605.713902           -11.942708           22.137371            79.997937            -32.464013     
        0.90               5.016308              30918                  3                479.322799            0.000000             0.000000             0.000000             0.000000      
        1.00               5.016308              31229                  1                395.537262           -60.435521            0.000000             0.000000             0.000000      
        1.10               5.016308              31514                  5                407.443503            0.000000             0.000000             0.000000             0.000000      
        1.20               5.016308              31855                  1                424.294921            0.000000             0.000000             0.000000             0.000000      
        1.30               5.016308              32059                  1               -327.905485           20.717874             0.000000             0.000000             0.000000      
        1.40               5.016308              32208                  3                410.665598            0.000000             0.000000             0.000000             0.000000      
        1.50               5.016308              32414                  1                396.429898            0.000000             0.000000             0.000000             0.000000      
        1.60               5.016308              32684                  3                421.124399           23.834987             0.000000             0.000000             0.000000      
        1.70               5.016308              32801                  1                113.432157            0.000000             0.000000             0.000000             0.000000      
        1.80               5.016308              32935                  1                403.072747            0.000000             0.000000             0.000000             0.000000      
        1.90               5.016308              32990                  3                394.675915            9.470720             0.000000             0.000000             0.000000      
        2.00               5.016308              33084                  4                103.395486           55.627602            115.011809            6.946865               nan         
        2.10               5.016308              33197                  4                385.054180           40.298792             9.225529            -5.778054             0.000000      
        2.20               5.016308              33386                  1                97.608674            49.590513             0.000000             0.000000             0.000000      
        2.30               5.016308              33444                  3                395.798920           38.698973             0.000000             0.000000             0.000000      
        2.40               5.016308              33503                  2                394.290144           -57.952039            0.000000             0.000000             0.000000      
        2.50               5.016308              33562                  2                328.216660            0.000000             0.000000             0.000000             0.000000      
        2.60               5.016308              33634                  3                66.189711             0.000000             0.000000             0.000000             0.000000      
        2.70               5.016308              33611                  1                397.846022            0.000000             0.000000             0.000000             0.000000      
        2.80               5.016308              33724                  2                409.220868            0.000000             0.000000             0.000000             0.000000      
        2.90               5.016308              33966                  4                404.304360           -9.320689            17.096158             0.000000             0.000000      
        3.00               5.016308              33955                  2                344.690642           -8.639346            -1.715971            -56.790077           -20.953660     
        3.10               5.016308              34178                  3                259.026099           -2.825336            16.408818             0.000000             0.000000      
        3.20               5.016308              34337                  2                352.465448            4.111143             0.000000             0.000000             0.000000      
        3.30               5.016308              34372                  4                349.532004           -1.901004            -21.769299           29.349872             0.000000      
        3.40               5.016308              34384                  3                333.330153           -24.216057            0.000000             0.000000             0.000000      
        3.50               5.016308              34513                  4                339.069301           87.262880             4.771410             0.000000             0.000000      
        3.60               5.016308              34530                  5                361.091429           35.064086             0.000000             0.000000             0.000000      
        3.70               5.016308              34640                  3                369.511087           53.518241             0.000000             0.000000             0.000000      
        3.80               5.016308              34802                  1               1419.652005            0.000000             0.000000             0.000000             0.000000      
        3.90               5.016308              34817                  2               1352.871863           24.329930            22.951358            25.732648            -7.046930      
        4.00               5.016308              34767                  2                368.948066           16.801773            10.898492            -44.020088            0.000000      
        4.10               5.016308              34827                  1                394.696273            0.000000             0.000000             0.000000             0.000000      
        4.20               5.016308              34808                  3                416.676640           76.115991            -17.781764           -59.677153            0.000000      
        4.30               5.016308              34769                  4                412.234454           -46.887522            3.731857             0.000000             0.000000      
        4.40               5.016308              34832                  2                406.718902           -37.907688            0.000000             0.000000             0.000000      
        4.50               5.016308              34820                  2                421.286515            6.889805            87.145961             0.000000             0.000000      
        4.60               5.016308              34709                  3                408.145825           -70.671096           20.621732            39.496878             0.000000      
        4.70               5.016308              34785                  2                389.527489           -17.417861            0.000000             0.000000             0.000000      
        4.80               5.016308              34761                  3                420.028751           -64.691210            3.999571             0.000000             0.000000      
        4.90               5.016308              34924                  2                391.024757           38.790883             0.000000             0.000000             0.000000      
        5.00               5.016308              34880                  3                368.351558           -42.904712           -51.668389            4.126345             0.000000      
        5.10               5.016308              35028                  1                395.932535           27.701285             0.000000             0.000000             0.000000      
        5.20               5.016308              35069                  1                382.344996            0.000000             0.000000             0.000000             0.000000      
        5.30               5.016308              35074                  1                368.249476           14.588384             0.000000             0.000000             0.000000      
        5.40               5.016308              35081                  1                411.931465            0.000000             0.000000             0.000000             0.000000      
        5.50               5.016308              35066                  1                410.803244            0.000000             0.000000             0.000000             0.000000      
        5.60               5.016308              35130                  3                391.848690           48.249051            -39.911419           -34.397637            0.000000      
        5.70               5.016308              35113                  4                368.673480           -55.886212           38.108977            -91.423131              nan         
        5.80               5.016308              35173                  5                403.981886           -17.481210           -6.460076            -1.368676            -8.623959      
        5.90               5.016308              35193                  3                405.323322           -4.119112             0.000000             0.000000             0.000000      
        6.00               5.016308              35308                  1                386.609036            0.000000             0.000000             0.000000             0.000000      
        6.10               5.016308              35420                  2                404.556100           22.348012             0.000000             0.000000             0.000000      
        6.20               5.016308              35601                  1                375.696225           -2.682022             0.000000             0.000000             0.000000      
        6.30               5.016308              35672                  5                389.799676           10.927096            39.037016             0.000000             0.000000      
        6.40               5.016308              35686                  1                335.727181           151.057387           -28.039272            0.000000             0.000000      
        6.50               5.016308              35800                  1                560.630627            0.000000             0.000000             0.000000             0.000000      
        6.60               5.016308              35651                  2                221.913788           -15.051126           10.775099             0.000000             0.000000      
        6.70               5.016308              35604                  1                224.856017            2.297425             0.000000             0.000000             0.000000      
        6.80               5.016308              35726                  1                213.299403           65.816140             0.000000             0.000000             0.000000      
        6.90               5.016308              35653                  2                336.285506           13.826720            35.167155             0.000000             0.000000      
        7.00               5.016308              35642                  3                366.504546            0.000000             0.000000             0.000000             0.000000      
        7.10               5.016308              35653                  1                351.042106            0.000000             0.000000             0.000000             0.000000      
        7.20               5.016308              35558                  1                362.095221            0.000000             0.000000             0.000000             0.000000      
        7.30               5.016308              35591                  3                342.186111           28.404458            -29.034865           -43.366681              nan         
        7.40               5.016308              35744                  5                360.101820           -0.084699            -6.348228            43.338283             0.000000      
        7.50               5.016308              35633                  4                341.978072           34.071336            22.241138             2.038184             5.622187      
        7.60               5.016308              35753                  4                345.239221           49.760705            44.225636             3.766825               nan         
        7.70               5.016308              35868                  4                348.247877           10.331039            -4.168069            12.389281             0.000000      
        7.80               5.016308              35780                  4                337.634552           -16.800292           20.905765             0.000000             0.000000      
        7.90               5.016308              35832                  3                330.680118           57.449073            27.882456             0.464738             0.000000      
        8.00               5.016308              35838                  1                295.582771           -5.359766             0.694414             0.000000             0.000000      
        8.10               5.016308              35922                  1                542.648423           133.815217            0.000000             0.000000             0.000000      
        8.20               5.016308              35893                  3                353.208934           80.894811            -33.027084            6.068861            43.200994      
        8.30               5.016308              35861                  4                552.731829           17.200541            -14.227986           -2.876599             0.000000      
        8.40               5.016308              35927                  3                362.468528           -72.190024           14.255219             0.000000             0.000000      
        8.50               5.016308              36034                  3                348.932209           -95.979314           13.261826             0.000000             0.000000      
        8.60               5.016308              36030                  6                63.591227            -10.434368            4.250944            48.043984            -0.084315      
        8.70               5.016308              35875                  2                347.398433            0.000000             0.000000             0.000000             0.000000      
        8.80               5.016308              35902                  4                662.960122           -23.079316            0.000000             0.000000             0.000000      
        8.90               5.016308              35875                  3                623.424817           41.633192             0.000000             0.000000             0.000000      
        9.00               5.016308              35956                  4                956.184319           44.548095            -36.842025           -28.850819           -12.196649     
        9.10               5.016308              35990                  4                508.397732            0.000000             0.000000             0.000000             0.000000      
        9.20               5.016308              36130                  3                351.000010           27.472405            22.129322             0.000000             0.000000      
        9.30               5.016308              36224                  6                295.755286           -28.236452           23.792695            -3.551688             0.787384      
        9.40               5.016308              36147                  3                350.003758           59.237613             0.000000             0.000000             0.000000      
        9.50               5.016308              36078                  1                338.718735           -15.687648           42.489184             0.000000             0.000000      
        9.60               5.016308              36034                  3               -119.570328           173.655013           24.420696            49.466526             0.000000      
        9.70               5.016308              35931                  3                383.457439           -0.841734             0.000000             0.000000             0.000000      
        9.80               5.016308              35879                  3                420.794222           15.496168             0.000000             0.000000             0.000000      
        9.90               5.016308              35724                  3                417.408631            0.600640            73.003425            -0.988256             0.000000      
       10.00               5.016308              35812                  6                370.684826           -20.339832           17.114325             0.665560               nan         
       10.10               5.016308              35793                  2                208.098776          -175.403671           -35.329531            0.000000             0.000000      
       10.20               5.016308              35724                  2                215.684569          -123.853243           23.810328            -40.695525            0.000000      
       10.30               5.016308              35645                  5                343.742788           28.250277            26.665575            -55.109587              nan         
       10.40               5.016308              35660                  4                345.079411           -39.635141           -28.299055            6.704715             0.000000      
       10.50               5.016308              35593                  2                334.735343           12.440730             0.000000             0.000000             0.000000      
       10.60               5.016308              35546                  2                333.382775           26.392335            -37.972933            8.835942             0.000000      
       10.70               5.016308              35515                  1                -71.064611            0.000000             0.000000             0.000000             0.000000      
       10.80               5.016308              35411                  3                319.446325           -21.131324           -54.801809            0.000000             0.000000      
       10.90               5.016308              35457                  3                378.160896           36.314156             0.000000             0.000000             0.000000      
       11.00               5.016308              35418                  5                348.567937           -7.433266            -7.086443            70.772698             0.000000      
       11.10               5.016308              35405                  3                370.817534           -44.315289            5.499572            48.974192            -2.275303      
       11.20               5.016308              35508                  3                376.337588           -15.680200            0.000000             0.000000             0.000000      
       11.30               5.016308              35473                  2                -71.829864            5.924817             0.000000             0.000000             0.000000      
       11.40               5.016308              35611                  6                206.392565           49.302663            -18.767414           53.806138               nan         
       11.50               5.016308              35542                  4                334.724948           -1.842181            -7.116917             0.000000             0.000000      
       11.60               5.016308              35623                  4                154.267666           11.986415            71.782786            -6.965950               nan         
       11.70               5.016308              35566                  5               -284.498540           -17.167297            0.000000             0.000000             0.000000      
       11.80               5.016308              35529                  2                377.603968           -47.389439           53.446513            13.252187             0.000000      
       11.90               5.016308              35535                  2                345.584385           -43.399605            0.000000             0.000000             0.000000      
       12.00               5.016308              35614                  2                317.762829           38.264866            -20.798834            0.000000             0.000000      
       12.10               5.016308              35772                  3                176.017312           -32.221231           -6.605472             0.000000             0.000000      
       12.20               5.016308              35709                  3                329.911645           86.801430            -34.851852            0.000000             0.000000      
       12.30               5.016308              35687                  3                542.689729            2.710236             0.000000             0.000000             0.000000      
       12.40               5.016308              35728                  1                769.152791           -12.583467            0.000000             0.000000             0.000000      
       12.50               5.016308              35714                  1                362.102068            0.000000             0.000000             0.000000             0.000000      
       12.60               5.016308              35738                  2                383.193366           -61.122650            7.392647             1.285702               nan         
       12.70               5.016308              35661                  2                366.148634            4.627862             0.000000             0.000000             0.000000      
       12.80               5.016308              35653                  4                361.360943           10.965336            -26.654724           -0.035464               nan         
       12.90               5.016308              35689                  2                373.065185            3.967503             0.000000             0.000000             0.000000      
       13.00               5.016308              35710                  2                360.811496           -46.605065            0.000000             0.000000             0.000000      
       13.10               5.016308              35752                  4                357.175459           -19.888251            0.000000             0.000000             0.000000      
       13.20               5.016308              35815                  1                334.400672            0.000000             0.000000             0.000000             0.000000      
       13.30               5.016308              35866                  1                233.130007           -9.161577            13.521293             0.000000             0.000000      
       13.40               5.016308              35841                  2                355.681495            0.091246            -40.210202           -48.071455            0.000000      
       13.50               5.016308              35871                  6                493.989839           -26.482828           -8.027576             0.000000             0.000000      
       13.60               5.016308              35941                  3                351.564194           35.119258            -2.243024             0.000000             0.000000      
       13.70               5.016308              36040                  3                346.549279           -6.957440            -2.503558            26.088025             0.399444      
       13.80               5.016308              36116                  2                371.604458           -7.437546             0.664885             0.000000             0.000000      
       13.90               5.016308              36110                  4                329.159252           -38.902786           -10.564097           22.264499             0.000000      
       14.00               5.016308              36056                  2                363.003633           32.608934             0.000000             0.000000             0.000000      
       14.10               5.016308              36103                  2                365.014285           34.093550            -9.512065            26.091120             0.000000      
       14.20               5.016308              36002                  7                385.294177            1.159187             0.000000             0.000000             0.000000      
       14.30               5.016308              35996                  6                389.598823           57.875184            66.647182             2.547289            -18.653508     
       14.40               5.016308              36044                  4                159.588650           33.475351            27.758149            14.507995               nan         
       14.50               5.016308              35927                  3                357.132341            7.984112            -28.156971           47.521493               nan         
       14.60               5.016308              35856                  4                384.120531           10.431435             0.000000             0.000000             0.000000      
       14.70               5.016308              35906                  3               -2602.171433          -58.748878            0.000000             0.000000             0.000000      
       14.80               5.016308              35939                  4                322.411347            2.267519            -73.925352           -23.906758           17.583011      
       14.90               5.016308              36058                  2                355.890310           12.841948             0.000000             0.000000             0.000000      
       15.00               5.016308              35880                  4                377.008362            0.950148            -22.035993           32.116411             0.000000      
       15.10               5.016308              35933                  3                336.085731           -57.765112           -0.402826             0.000000             0.000000      
       15.20               5.016308              35992                  2                345.407427           38.023523             1.652937             0.000000             0.000000      
       15.30               5.016308              35821                  2                399.754132           -9.903696             0.000000             0.000000             0.000000      
       15.40               5.016308              35817                  4                340.492335           -27.044597            1.343020            -11.261812            9.727022      
       15.50               5.016308              35731                  1                336.875999           -39.414604           11.001593             9.297172               nan         
       15.60               5.016308              35762                  3                -20.968199           42.228392             0.000000             0.000000             0.000000      
       15.70               5.016308              35841                  3                58.099210            -27.686532           14.239372            -3.014316             0.000000      
       15.80               5.016308              35727                  1                371.476857           21.139143             0.000000             0.000000             0.000000      
       15.90               5.016308              35858                  1                369.204479           -25.739752           42.429025             0.000000             0.000000      
       16.00               5.016308              35721                  2                383.822489            0.000000             0.000000             0.000000             0.000000      
       16.10               5.016308              35788                  2                386.662332           23.130225            11.672228             0.000000             0.000000      
       16.20               5.016308              35813                  2                171.076059            0.000000             0.000000             0.000000             0.000000      
       16.30               5.016308              35726                  1                380.518349            0.000000             0.000000             0.000000             0.000000      
       16.40               5.016308              35860                  2                823.333999           27.194038             0.000000             0.000000             0.000000      
       16.50               5.016308              35786                  2                205.426742           19.014433             2.846357             0.000000             0.000000      
       16.60               5.016308              35869                  2                703.056464           11.983288            -31.190986            1.262473            -24.522638     
       16.70               5.016308              35889                  2                770.102437           100.381515           -0.827410            18.567787               nan         
       16.80               5.016308              35833                  4                682.853910           -11.807192           16.812234            -13.036031           -2.397995      
       16.90               5.016308              35788                  2                756.746935           28.824323            17.382678             0.000000             0.000000      
       17.00               5.016308              35847                  2                677.470850           26.552460             0.000000             0.000000             0.000000      
       17.10               5.016308              35623                  3                772.964283           52.700084             0.000000             0.000000             0.000000      
       17.20               5.016308              35544                  1                735.264799           -7.155722             0.000000             0.000000             0.000000      
       17.30               5.016308              35658                  3                360.333196            9.213322            28.912572             0.000000             0.000000      
       17.40               5.016308              35556                  5                356.334618           15.198476             0.000000             0.000000             0.000000      
       17.50               5.016308              35669                  4                716.735754            2.414196            -1.342490            -48.605250            0.000000      
       17.60               5.016308              35709                  5                349.613825           -34.366010           -10.084628            0.000000             0.000000      
       17.70               5.016308              35747                  2                372.439027           -25.699331            0.000000             0.000000             0.000000      
       17.80               5.016308              35751                  3                367.972795           -3.807040            11.383298             0.000000             0.000000      
       17.90               5.016308              35825                  2                406.630690            0.000000             0.000000             0.000000             0.000000      
       18.00               5.016308              35862                  1                374.718794           19.071406             0.000000             0.000000             0.000000      
       18.10               5.016308              35721                  2                360.527078            0.000000             0.000000             0.000000             0.000000      
       18.20               5.016308              35683                  4                346.530554           35.328025            -16.909141            0.000000             0.000000      
       18.30               5.016308              35752                  4                390.997522           -63.152537           -6.372826             6.393611            -0.343451      
       18.40               5.016308              35732                  2                363.513002           -13.395079            0.000000             0.000000             0.000000      
       18.50               5.016308              35741                  5                -34.366944           73.068809            36.650604             8.840909             0.000000      
       18.60               5.016308              35745                  6                142.780831           17.580588            -44.344276           26.992392            -17.971063     
       18.70               5.016308              35816                  2                820.189962            1.678396            -1.662693            27.732350            -4.122864      
       18.80               5.016308              35830                  3                521.306290           31.431691             0.994170             0.000000             0.000000      
       18.90               5.016308              35879                  1                792.039520           25.502937            -17.881061            0.000000             0.000000      
       19.00               5.016308              35957                  4                290.764070            0.000000             0.000000             0.000000             0.000000      
       19.10               5.016308              35871                  2                324.000759           27.287491             0.569912            -1.069907             0.000000      
       19.20               5.016308              35820                  6                343.796575           65.946030            -12.707457           69.960892             1.733573      
       19.30               5.016308              35829                  3                320.280060           -8.778387             3.993592             7.257214            11.230685      
       19.40               5.016308              35750                  3                28.050401            -37.387352            0.000000             0.000000             0.000000      
       19.50               5.016308              35831                  5                324.309451           -18.812015           13.924359             0.000000             0.000000      
       19.60               5.016308              35846                  3                365.894323            0.000000             0.000000             0.000000             0.000000      
       19.70               5.016308              35839                  3                354.174831            0.000000             0.000000             0.000000             0.000000      
       19.80               5.016308              35745                  3                362.502671            0.000000             0.000000             0.000000             0.000000      
       19.90               5.016308              35592                  5                377.211419           -9.819191             6.552507            -26.450887            0.000000      
       20.00               5.016308              35548                  5                317.192215           19.328349            -70.420821            0.000000             0.000000      
       20.10               5.016308              35573                  6                294.756735           -39.406396           28.069275            -11.339300           -0.113648      
       20.20               5.016308              35478                  6                331.307825            6.416861             3.508047            27.926569             0.000000      
       20.30               5.016308              35528                  5                351.912659           13.077881             0.000000             0.000000             0.000000      
       20.40               5.016308              35516                  2                319.761547           11.619715            22.230466            -8.569309            -0.376971      
       20.50               5.016308              35322                  2                324.154489           -52.086466           67.502207            -51.140680           -25.052413     
       20.60               5.016308              35447                  3                289.843977           68.181904            -25.271884            4.429548               nan         
       20.70               5.016308              35288                  3                366.640422           11.994747            -13.739977            0.000000             0.000000      
       20.80               5.016308              35448                  2                -72.629341           14.494361            81.303456            -32.744371            0.655334      
       20.90               5.016308              35443                  3                351.860928            4.287362             0.000000             0.000000             0.000000      
       21.00               5.016308              35297                  3                383.690193            0.000000             0.000000             0.000000             0.000000      
       21.10               5.016308              35328                  3                294.838828           -15.963460           -27.008551            0.000000             0.000000      
       21.20               5.016308              35221                  3                379.385929            6.652108             0.000000             0.000000             0.000000      
       21.30               5.016308              35357                  3                391.523930            0.546757            19.699600             0.000000             0.000000      
       21.40               5.016308              35311                  1                379.684860           24.710763            -11.390047            0.000000             0.000000      
       21.50               5.016308              35281                  4                380.317409           -19.856096           -54.612804            0.000000             0.000000      
       21.60               5.016308              35391                  3                399.426335           -9.630553             0.000000             0.000000             0.000000      
       21.70               5.016308              35313                  1                402.180993            0.000000             0.000000             0.000000             0.000000      
       21.80               5.016308              35394                  4                388.857786           -0.642439            15.666198             0.000000             0.000000      
       21.90               5.016308              35380                  2               -189.476210           35.317488            10.551389             2.108058             0.000000      
       22.00               5.016308              35386                  3                380.953664           47.600648             0.980844             0.000000             0.000000      
       22.10               5.016308              35438                  1                380.000991           -15.607836            0.000000             0.000000             0.000000      
       22.20               5.016308              35382                  2                378.604047           17.038503             0.000000             0.000000             0.000000      
       22.30               5.016308              35446                  1                362.679185            0.000000             0.000000             0.000000             0.000000      
       22.40               5.016308              35412                  4                369.528726            0.939304            -53.166347            0.215970               nan         
       22.50               5.016308              35457                  1                366.718272           -1.017908            -2.685055             0.000000             0.000000      
       22.60               5.016308              35481                  5                330.531066           22.563492            16.539740            10.716757            18.060059      
       22.70               5.016308              35611                  3                352.680476            0.000000             0.000000             0.000000             0.000000      
       22.80               5.016308              35547                  5                356.525817            0.000000             0.000000             0.000000             0.000000      
       22.90               5.016308              35516                  1                339.685720           -9.721499            -13.086841            0.000000             0.000000      
       23.00               5.016308              35455                  4                179.030096           -7.996986            -9.616546            19.408714               nan         
       23.10               5.016308              35413                  5                324.012698            1.266016             4.235587             0.000000             0.000000      
       23.20               5.016308              35512                  5                323.278820           -46.349579           -15.401030           -11.760754              nan         
       23.30               5.016308              35482                  5                350.155931           65.562552             3.661659             0.297059               nan         
       23.40               5.016308              35441                  3                326.672800            0.000000             0.000000             0.000000             0.000000      
       23.50               5.016308              35490                  5                375.210249           60.685407            22.893765             0.000000             0.000000      
       23.60               5.016308              35567                  4                336.296743           23.289324            -34.447132           69.649928             0.000000      
       23.70               5.016308              35452                  3                330.528601           -30.184047           -41.722306           -11.380898            0.000000      
       23.80               5.016308              35447                  3                -81.773360            5.595982            -14.012749           -6.138772            -22.153242     
       23.90               5.016308              35514                  4                353.037658           49.341163            -54.528783            0.000000             0.000000      
       24.00               5.016308              35375                  1                196.464910           57.260240            20.188343             0.000000             0.000000      
       24.10               5.016308              35450                  5                353.863707           -25.740699            1.300324             8.638107             0.000000      
       24.20               5.016308              35504                  2                141.164002           -4.873000            -11.795352            0.000000             0.000000      
       24.30               5.016308              35442                  3                353.866633           -63.430584           -9.089162             0.000000             0.000000      
       24.40               5.016308              35261                  4                392.545896            7.190430             0.000000             0.000000             0.000000      
       24.50               5.016308              35219                  1                375.423906           35.315133            45.835256             3.968621            -1.249882      
       24.60               5.016308              35173                  5                182.826707           -72.286147           -36.181804           -1.388298            -1.114374      
       24.70               5.016308              35136                  2                401.653299           104.801210            0.000000             0.000000             0.000000      
       24.80               5.016308              34891                  4                398.704132           64.107027            -32.491430            4.369403            20.545212      
       24.90               5.016308              34962                  1                392.238399            0.000000             0.000000             0.000000             0.000000      
       25.00               5.016308              35074                  3                421.801173           -27.834887            0.000000             0.000000             0.000000      
       25.10               5.016308              35233                  3                413.229882           -9.935745             0.000000             0.000000             0.000000      
       25.20               5.016308              35230                  2                407.610723            0.000000             0.000000             0.000000             0.000000      
       25.30               5.016308              35218                  2                378.212922           -6.624794             0.000000             0.000000             0.000000      
       25.40               5.016308              35327                  3                412.217445            0.100112             0.000000             0.000000             0.000000      
       25.50               5.016308              35388                  2                385.829374            0.000000             0.000000             0.000000             0.000000      
       25.60               5.016308              35374                  1               -250.314140            0.000000             0.000000             0.000000             0.000000      
       25.70               5.016308              35382                  3                398.141774           36.718188            108.120512            0.229930            -0.325047      
       25.80               5.016308              35336                  1                304.313186           -10.511468           30.856224             0.000000             0.000000      
       25.90               5.016308              35257                  3                385.985304           15.959000            -13.152366            0.000000             0.000000      
       26.00               5.016308              35114                  4                346.070994           -34.501950           -66.227689           -4.088766             0.000000      
       26.10               5.016308              35207                  4                196.209922           -29.108892           -41.374856            0.000000             0.000000      
       26.20               5.016308              35161                  2                397.979506           11.706104            24.970048             0.000000             0.000000      
       26.30               5.016308              35192                  2                373.583612           -2.550056            11.592178            -1.644489             0.000000      
       26.40               5.016308              35257                  3                351.132165           46.248668            -23.452391            5.762550             0.000000      
       26.50               5.016308              35191                  1                380.995914            0.000000             0.000000             0.000000             0.000000      
       26.60               5.016308              35327                  5                378.564096           -22.265934           21.797551            -18.319473            0.000000      
       26.70               5.016308              35306                  3                360.140215           -8.063871            14.199651            -16.920348            0.000000      
       26.80               5.016308              35260                  4                341.065300           63.866179             3.774882             0.000000             0.000000      
       26.90               5.016308              35366                  5                170.601189            2.497308            -8.591503             0.000000             0.000000      
       27.00               5.016308              35446                  2                385.032478           -21.872783            0.000000             0.000000             0.000000      
       27.10               5.016308              35445                  3                204.058024           -4.233217            38.102320            32.203082             0.000000      
       27.20               5.016308              35644                  3                116.337204           19.071248            32.725550            -16.718720           -0.526210      
       27.30               5.016308              35589                  3                390.205060           -3.449578             3.533556             0.000000             0.000000      
       27.40               5.016308              35559                  5                378.090712           -85.697174           -25.943091           25.507895             0.000000      
       27.50               5.016308              35567                  3                393.461571           -30.421330           -27.164442            0.000000             0.000000      
       27.60               5.016308              35679                  4                377.308411            6.047455            49.842351            -39.113697            0.201613      
       27.70               5.016308              35699                  4                373.956762            0.000000             0.000000             0.000000             0.000000      
       27.80               5.016308              35813                  3                335.244710            4.125206            -42.223679            5.264110             0.000000      
       27.90               5.016308              35862                  3                354.836257           -4.309289             0.000000             0.000000             0.000000      
       28.00               5.016308              35898                  2                317.808065           -24.798479            0.000000             0.000000             0.000000      
       28.10               5.016308              35787                  4                28.953734            -13.576834            6.292459             0.000000             0.000000      
       28.20               5.016308              35840                  3                387.331569           -24.124594            0.000000             0.000000             0.000000      
       28.30               5.016308              35919                  2                552.407406           36.758884             0.548225             0.000000             0.000000      
       28.40               5.016308              35790                  2                395.511413            0.000000             0.000000             0.000000             0.000000      
       28.50               5.016308              35836                  5                371.455536           35.492937             9.360450             6.435654               nan         
       28.60               5.016308              35975                  3                374.260077           36.908148            73.629883            -20.614636            0.000000      
       28.70               5.016308              35990                  3                389.087654           -19.786367           -20.132232            0.000000             0.000000      
       28.80               5.016308              36050                  3                295.191425            0.029712            21.366567             0.000000             0.000000      
       28.90               5.016308              36088                  4                -41.470434           -3.717247             8.176085            -9.104538             9.210270      
       29.00               5.016308              36040                  2                349.781390           -32.265421            0.000000             0.000000             0.000000      
       29.10               5.016308              36205                  3                379.511096           67.394863             0.000000             0.000000             0.000000      
       29.20               5.016308              36274                  2                324.252455           43.839512            -31.899559            0.000000             0.000000      
       29.30               5.016308              36237                  2                135.780165            4.661222             0.000000             0.000000             0.000000      
       29.40               5.016308              36319                  2                208.773951           51.927694             0.000000             0.000000             0.000000      
       29.50               5.016308              36173                  1               -210.441960            0.000000             0.000000             0.000000             0.000000      
       29.60               5.016308              36237                  4               -134.756438           -40.585459           -4.146365            19.159813               nan         
       29.70               5.016308              36250                  3                332.146706           -31.735370           40.173611            -8.547747               nan         
       29.80               5.016308              36260                  4                20.859228            -62.224290            0.607721             0.023040             1.003107      
       29.90               5.016308              36158                  3                321.543504            0.000000             0.000000             0.000000             0.000000      
       30.00               5.016308              36107                  4                333.158052           49.855693             2.424974            -15.788290           37.724695      
       30.10               5.016308              35982                  3                67.286421            25.081952            -8.430906            13.302483            -0.816060      
       30.20               5.016308              35944                  1                170.513300           -0.357329            -3.884041             0.000000             0.000000      
       30.30               5.016308              35978                  7                331.997590           -53.866072           -40.854360           -6.969658               nan         
       30.40               5.016308              35961                  4                367.125994           19.174230            11.885332            -7.007001             0.000000      
       30.50               5.016308              35929                  5                356.975984           11.809041            -23.703620           -20.865941              nan         
       30.60               5.016308              35964                  5                290.449445           -52.523747           -0.725265            46.502369             0.000000      
       30.70               5.016308              36011                  1                327.417473            0.000000             0.000000             0.000000             0.000000      
       30.80               5.016308              35925                  2                121.129694            2.537798            -67.754823            0.203223               nan         
       30.90               5.016308              35881                  2                310.256913           17.267784            18.534095            -0.845847            -18.170895     
       31.00               5.016308              35845                  6                358.011016           -66.180911           92.280905            25.952947               nan         
       31.10               5.016308              35941                  4                363.187589           -35.809574           38.616243            45.105473               nan         
       31.20               5.016308              35905                  3                340.260865           -56.259457           40.982382             9.367077             0.000000      
       31.30               5.016308              35750                  4                339.237245          -200.054608           -83.017826           28.466808            -16.484230     
       31.40               5.016308              35700                  5                342.910971          -389.208667            6.111861            -19.610433           -14.009640     
       31.50               5.016308              35686                  4                382.330177          -277.477323           -20.154457           -25.854255              nan         
       31.60               5.016308              35693                  2                68.781222           -453.393704           30.092399             0.000000             0.000000      
       31.70               5.016308              35692                  1                361.245100          -333.966942           -44.679048            0.000000             0.000000      
       31.80               5.016308              35605                  2                52.420873            -13.141586           13.642180            26.787251            -19.221193     
       31.90               5.016308              35605                  3               -168.665202           30.031295             7.727770             5.760252             0.000000      
       32.00               5.016308              35589                  3                338.922365           -61.451797           13.117475            20.360865             0.000000      
       32.10               5.016308              35615                  1                333.954208           74.252514             0.000000             0.000000             0.000000      
       32.20               5.016308              35735                  1                327.670779            0.000000             0.000000             0.000000             0.000000      
       32.30               5.016308              35827                  3                365.011777          -373.964752            0.063504             0.000000             0.000000      
       32.40               5.016308              35849                  1                337.700520            0.000000             0.000000             0.000000             0.000000      
       32.50               5.016308              35725                  1                291.354959            0.000000             0.000000             0.000000             0.000000      
       32.60               5.016308              35608                  3               1059.954037           -5.313643            23.791199             0.000000             0.000000      
       32.70               5.016308              35658                  2                334.338746          -598.181589           26.621922            -20.992200            0.000000      
       32.80               5.016308              35767                  3                359.956141          -577.655626           -25.876940           15.614551            13.048156      
       32.90               5.016308              35823                  3                353.700033          -599.443247           34.352319             8.311892             0.832532      
       33.00               5.016308              35805                  1                340.228861          -527.317931            8.579161             0.182319             0.000000      
       33.10               5.016308              35720                  1                330.342806          -541.956516           -19.419723            0.000000             0.000000      
       33.20               5.016308              35786                  4                358.909144          -297.682198            1.139150            -50.631295            0.000000      
       33.30               5.016308              35755                  4                347.872811          -443.890288            9.705974             7.390184             0.000000      
       33.40               5.016308              35699                  3                358.860803           -1.686690            -11.438163           37.591468             0.000000      
       33.50               5.016308              35628                  3                309.820933           -19.876933           23.138874             0.000000             0.000000      
       33.60               5.016308              35755                  4                410.980757           10.934931            67.317180            -6.877656               nan         
       33.70               5.016308              35748                  3                394.369756          -375.887186           43.332414            -46.101125           41.965805      
       33.80               5.016308              35724                  6                406.361773           -38.171730           -59.513326           -6.502267               nan         
       33.90               5.016308              35747                  3                418.948244           -0.946788             5.382638             0.000000             0.000000      
       34.00               5.016308              35805                  1                391.743581           37.816775             0.000000             0.000000             0.000000      
       34.10               5.016308              35831                  5                346.156506          -429.084427           -71.077834           -24.355021              nan         
       34.20               5.016308              35804                  2                342.317311          -564.419621           21.675552             0.000000             0.000000      
       34.30               5.016308              35781                  4                357.467420           -99.226685           -23.995873           26.798229            47.516360      
       34.40               5.016308              35657                  2                351.745511          -198.514803           -25.353732            6.527979             0.000000      
       34.50               5.016308              35710                  3                287.843241          -198.617286            8.311351            -10.930652           -48.980180     
       34.60               5.016308              35815                  4                286.375134           -88.047513            0.000000             0.000000             0.000000      
       34.70               5.016308              35789                  2                315.031556           -52.914536            0.000000             0.000000             0.000000      
       34.80               5.016308              35809                  2                307.853102            1.097604             0.000000             0.000000             0.000000      
       34.90               5.016308              35757                  2                464.796617           -10.413986            0.902924             0.000000             0.000000      
       35.00               5.016308              35834                  1                220.537659           165.718200           -48.885802           -48.296706            0.000000      
       35.10               5.016308              35826                  1               -555.237521            1.828192            39.835252             0.000000             0.000000      
       35.20               5.016308              35813                  2                156.383707            0.887695             0.000000             0.000000             0.000000      
       35.30               5.016308              35817                  3                324.617815           33.187371             1.175755            68.091973             0.000000      
       35.40               5.016308              35855                  5                337.752944           -2.797823            22.631323             0.000000             0.000000      
       35.50               5.016308              35846                  3               1248.315068            0.000000             0.000000             0.000000             0.000000      
       35.60               5.016308              35829                  3                339.848800            1.451156            15.341061             0.000000             0.000000      
       35.70               5.016308              35819                  3                341.525053           56.984231             0.000000             0.000000             0.000000      
       35.80               5.016308              35836                  4                347.066726           57.419220            16.748513            -49.227687              nan         
       35.90               5.016308              35962                  1                342.560770           -26.800095           17.897068            52.132542             0.000000      
       36.00               5.016308              35942                  2                299.790368           -17.163696           -78.355342           -14.808897           -0.242978      
       36.10               5.016308              36053                  2                365.240222            0.000000             0.000000             0.000000             0.000000      
       36.20               5.016308              36125                  2                338.504449           -13.344822            7.826248            -19.199567           -1.033642      
       36.30               5.016308              36093                  4                148.367045           -21.588855            0.000000             0.000000             0.000000      
       36.40               5.016308              35941                  4               -728.769822            1.136379            -29.019392           -8.682336             0.270884      
       36.50               5.016308              35844                  4                154.863971           -8.394155            -2.648442             0.000000             0.000000      
       36.60               5.016308              35576                  4               -1116.569120          -46.742327           -48.495238           31.772368               nan         
       36.70               5.016308              35581                  2                358.324402           -9.862304            -0.369609             0.000000             0.000000      
       36.80               5.016308              35439                  1               -105.766777           -5.629254            62.319388             0.000000             0.000000      
       36.90               5.016308              35378                  1                159.928884           -41.727611            5.633773             0.000000             0.000000      
       37.00               5.016308              35446                  3                418.307817           11.682673            -50.204922           -59.093198            0.000000      
