        tauB               sizeBin             clust_size           bulk_area            bulk_ndens         bulk_ndens_std          int_area            int_ndens          int_ndens_std           bub_area            bub_ndens          bub_ndens_std           gas_area            gas_ndens          gas_ndens_std    
        0.00               5.025009              76684             36689.289549           1.548163             0.115551           19670.307336           1.097390             0.537882             0.000000             0.000000             0.000000           74540.112009           0.289951             0.074775      
        0.10               5.025009              77140             36133.773809           1.560479             0.086129           21589.361710           1.007580             0.586638            909.025756            1.405901             0.066987           72267.547618           0.284817             0.108155      
        0.20               5.025009              77259             33154.189386           1.571928             0.102513           24998.208296           1.017593             0.555578           2575.572976            1.159354             0.516660           70171.738236           0.277320             0.102602      
        0.30               5.025009              76702             26816.259808           1.597687             0.103555           27826.288426           1.162103             0.497501           4343.123057            1.065132             0.561078           71914.037602           0.280794             0.117048      
        0.40               5.025009              76430             20705.586669           1.632941             0.079405           36790.292411           1.149298             0.522335           3737.105887            1.094697             0.585490           69666.723927           0.284426             0.123541      
        0.50               5.025009              75969             16008.953595           1.649952             0.077816           44845.270639           1.196536             0.524225           5327.900960            0.271026             0.105727           64717.583699           0.285595             0.120324      
        0.60               5.025009              75116             16488.717189           1.662834             0.084883           42244.446948           1.225392             0.510617           5151.145952            0.281491             0.104029           67015.398805           0.288978             0.124682      
        0.70               5.025009              74625             16892.728636           1.688656             0.069968           38052.828183           1.289418             0.457345           4797.635936            0.272217             0.106381           71156.516138           0.296558             0.134248      
        0.80               5.025009              74331             16993.731498           1.695331             0.069761           37017.548850           1.300194             0.450593           4115.866618            0.262885             0.113365           72772.561927           0.302009             0.138489      
        0.90               5.025009              73810             14165.651367           1.710405             0.064584           40527.398297           1.299047             0.470852           8054.978229            0.282310             0.106056           68151.681000           0.305935             0.140118      
        1.00               5.025009              73257             12246.596993           1.722193             0.069488           40401.144720           1.347759             0.450887           7928.724651            0.274824             0.099494           70323.242528           0.316808             0.154238      
        1.10               5.025009              72749             13130.372034           1.729882             0.063312           40072.885419           1.326358             0.460986           7827.721790            0.271854             0.110337           69868.729650           0.314976             0.153355      
        1.20               5.025009              72509             13332.377758           1.737049             0.065241           38330.586053           1.334365             0.462422           7549.963920            0.331260             0.288115           71686.781163           0.323532             0.160909      
        1.30               5.025009              72185             15352.434994           1.739398             0.068334           30906.875711           1.324980             0.456017           15402.936425           0.608780             0.560515           69237.461764           0.331728             0.173289      
        1.40               5.025009              72033             15352.434994           1.739659             0.067549           35249.998768           1.335631             0.448942           6792.442456            0.290764             0.111297           73504.832675           0.329720             0.165151      
        1.50               5.025009              71541             15882.700018           1.743406             0.070577           29593.838507           1.326019             0.449410           7373.208911            0.926055             0.648538           78049.961456           0.336195             0.171385      
        1.60               5.025009              70924             15554.440717           1.741239             0.071775           33229.941532           1.360129             0.432357           2474.570114            0.280857             0.108100           79640.756530           0.339324             0.174007      
        1.70               5.025009              70483             15099.927839           1.748816             0.070180           33835.958703           1.347945             0.450879           8989.254700            0.295019             0.131081           72974.567651           0.347135             0.176604      
        1.80               5.025009              70634             15200.930701           1.750024             0.084865           32346.166492           1.373331             0.436348           10630.551204           0.282864             0.110632           72722.060496           0.357099             0.185549      
        1.90               5.025009              70245             16791.725774           1.748063             0.072749           26285.994784           1.280796             0.472528           11362.821953           0.901097             0.658254           76459.166383           0.349742             0.177467      
        2.00               5.025009              70146             17372.492230           1.738956             0.079985           24770.951857           1.293128             0.471811           11438.574099           0.884201             0.651543           77317.690708           0.357538             0.184641      
        2.10               5.025009              69504             19493.552327           1.731393             0.077756           23104.404637           1.320744             0.447351           9570.021156            0.739915             0.614616           78731.730773           0.363932             0.193040      
        2.20               5.025009              69525             19922.814490           1.727718             0.077515           23937.678247           1.278236             0.491804           9772.026879            0.639171             0.592011           77267.189277           0.371891             0.194665      
        2.30               5.025009              69174             20301.575222           1.730211             0.078814           23382.162507           1.306423             0.459379           7120.701757            0.678023             0.581705           80095.269408           0.368299             0.193163      
        2.40               5.025009              68632             19619.805905           1.735389             0.073148           23988.179678           1.313980             0.463065           10655.801920           0.567015             0.507008           76635.921391           0.370453             0.192913      
        2.50               5.025009              67465             20453.079515           1.739347             0.069711           22498.387466           1.322139             0.455143           3333.094439            0.986171             0.648342           84615.147473           0.370997             0.189848      
        2.60               5.025009              67887             19342.048035           1.748729             0.067499           22978.151060           1.323126             0.448559           6842.943887            0.808570             0.648228           81736.565912           0.369969             0.185559      
        2.70               5.025009              67457             19720.808767           1.752565             0.067096           21235.851694           1.348663             0.438346           4696.633074            1.018176             0.653446           85246.415359           0.375570             0.195182      
        2.80               5.025009              67613             19316.797319           1.759608             0.064729           22018.623872           1.331736             0.447275           5807.664554            0.876600             0.669454           83756.623148           0.377236             0.194049      
        2.90               5.025009              67832             19443.050897           1.765001             0.061236           21437.857417           1.346310             0.444989           4747.134505            0.915289             0.682971           85271.666075           0.380853             0.199737      
        3.00               5.025009              67037             19594.555189           1.770645             0.061736           21437.857417           1.330403             0.451891           4267.370911            0.971090             0.669621           85599.925376           0.381309             0.201054      
        3.10               5.025009              66778             20730.837385           1.768428             0.067482           21084.347401           1.324537             0.458055           4696.633074            0.625342             0.572965           84387.891034           0.384830             0.201493      
        3.20               5.025009              66917             19670.307336           1.771858             0.063386           22952.900344           1.289292             0.471048           7751.969643            0.625905             0.598170           80524.531570           0.381275             0.192672      
        3.30               5.025009              67096             20806.589531           1.766219             0.063553           20074.318783           1.351578             0.445531           4065.365187            0.741631             0.569144           85953.435392           0.385139             0.197402      
        3.40               5.025009              66685             20932.843108           1.767510             0.065259           19922.814490           1.346597             0.446277           1717.048651            0.999389             0.684835           88327.002644           0.390107             0.202644      
        3.50               5.025009              65749             20301.575222           1.768385             0.062402           21311.603840           1.310788             0.467712           5252.148814            0.640500             0.613609           84034.381018           0.390316             0.204490      
        3.60               5.025009              66241             21336.854555           1.765302             0.062765           20806.589531           1.304202             0.470679           2020.057236            0.645031             0.623672           86736.207571           0.390783             0.205553      
        3.70               5.025009              66148             22170.128165           1.762958             0.060886           19922.814490           1.323759             0.455008           3787.607318            0.363818             0.209028           85019.158920           0.390077             0.199735      
        3.80               5.025009              65311             20730.837385           1.765100             0.062323           23205.407499           1.279357             0.476150           7171.203188            0.417782             0.347992           79792.260822           0.385050             0.194544      
        3.90               5.025009              65568             21059.096685           1.767835             0.069903           22927.649629           1.259658             0.489894           4393.624488            0.399215             0.374274           82519.338091           0.389436             0.198819      
        4.00               5.025009              66294             21488.358848           1.769516             0.068375           21463.108133           1.300184             0.461936           6640.938163            0.301614             0.114806           81307.303749           0.394393             0.200059      
        4.10               5.025009              65895             21008.595254           1.771465             0.067314           21639.863141           1.315628             0.451601           6817.693172            0.298781             0.134472           81433.557327           0.396360             0.200644      
        4.20               5.025009              66259             20983.344539           1.770785             0.068606           21538.860279           1.323190             0.449122           1489.792212            0.332932             0.139897           86887.711864           0.389549             0.197389      
        4.30               5.025009              66239             20882.341677           1.774657             0.067893           20503.580945           1.343912             0.451237           2297.815106            0.390371             0.238310           87215.971165           0.395444             0.205024      
        4.40               5.025009              65128             20907.592393           1.774284             0.068753           22018.623872           1.297220             0.468328           4014.863757            0.328280             0.129521           83958.628872           0.393325             0.201837      
        4.50               5.025009              65452             21538.860279           1.769499             0.069714           19241.045173           1.344781             0.445183           3509.849448            0.294315             0.113520           86609.953994           0.403868             0.208496      
        4.60               5.025009              66401             20200.572360           1.770049             0.067056           21740.866003           1.346359             0.442189           6691.439594            0.311293             0.125609           82266.830936           0.399797             0.202451      
        4.70               5.025009              66597             21336.854555           1.773176             0.066069           19114.791596           1.353559             0.446895            353.510016            0.311165             0.088374           90094.552726           0.401611             0.208343      
        4.80               5.025009              65801             20983.344539           1.775551             0.063360           21008.595254           1.304561             0.467185            429.262163            0.267902             0.114884           88478.506937           0.398074             0.203868      
        4.90               5.025009              66252             20730.837385           1.778751             0.069108           19443.050897           1.359097             0.444300           3408.846586            0.413923             0.186921           87316.974026           0.404148             0.210258      
        5.00               5.025009              65603             20781.338815           1.780251             0.066737           19064.290165           1.361026             0.448651           1818.051512            0.285470             0.122587           89236.028401           0.409453             0.213145      
        5.10               5.025009              65289             20932.843108           1.779405             0.067005           20124.820214           1.319515             0.459793            681.769317            0.315356             0.101388           89160.276254           0.403565             0.209190      
        5.20               5.025009              64371             19720.808767           1.778882             0.071149           22018.623872           1.321881             0.465868           5252.148814            0.337195             0.162731           83908.127441           0.405706             0.208381      
        5.30               5.025009              64374             19342.048035           1.776647             0.068405           20478.330230           1.367055             0.452792           4848.137366            0.407579             0.373784           86231.193262           0.413597             0.212117      
        5.40               5.025009              64616             20554.082376           1.777944             0.069306           19796.560913           1.330433             0.451774            378.760732            0.673248             0.174732           90170.304872           0.408815             0.211852      
        5.50               5.025009              65741             20074.318783           1.777943             0.066017           20655.085238           1.321127             0.454383            883.775041            0.304376             0.101420           89286.529831           0.411619             0.215235      
        5.60               5.025009              65617             20099.569498           1.779093             0.070581           21033.845970           1.305895             0.454195           4090.615903            0.342491             0.157213           85675.677522           0.412859             0.217066      
        5.70               5.025009              64479             19948.065206           1.781125             0.072963           19796.560913           1.330130             0.457178           1161.532911            0.303909             0.114439           89993.549864           0.419863             0.223868      
        5.80               5.025009              64784             19746.059482           1.781672             0.070482           20503.580945           1.317087             0.462687           7398.459627            0.323311             0.159189           83251.608839           0.425481             0.222440      
        5.90               5.025009              61915             20225.823076           1.779310             0.068365           18584.526571           1.339125             0.457681           1212.034342            0.408404             0.232495           90877.324905           0.425079             0.222573      
        6.00               5.025009              62366             20150.070929           1.776867             0.070039           18003.760116           1.360605             0.448844           1060.530049            0.425259             0.166246           91685.347799           0.428084             0.222223      
        6.10               5.025009              62849             19998.566636           1.774927             0.073443           18660.278718           1.344031             0.454869           1313.037203            0.386889             0.203811           90927.826336           0.427988             0.219452      
        6.20               5.025009              63424             18988.538018           1.778652             0.075044           20503.580945           1.325134             0.455341           1111.031480            0.784856             0.571801           90296.558449           0.422873             0.213497      
        6.30               5.025009              62566             18912.785872           1.781123             0.070305           18508.774425           1.355897             0.460677           2121.060098            0.698236             0.660588           91357.088498           0.434964             0.221057      
        6.40               5.025009              61993             19695.558051           1.784717             0.072272           18104.762978           1.339040             0.470003           1111.031480            0.405929             0.180523           91988.356385           0.436523             0.221515      
        6.50               5.025009              60448             19443.050897           1.786448             0.070597           19922.814490           1.301573             0.473457           1616.045789            0.448007             0.166537           89917.797718           0.429403             0.214582      
        6.60               5.025009              61287             19569.304474           1.782741             0.072924           19140.042311           1.320687             0.462328           1691.797935            0.436813             0.183977           90498.564173           0.432007             0.212316      
        6.70               5.025009              61317             19771.310197           1.780813             0.070184           17044.232929           1.361458             0.449687             0.000000             0.000000             0.000000           94084.165767           0.442008             0.224974      
        6.80               5.025009              62671             19493.552327           1.779409             0.069175           17726.002246           1.355805             0.451339             0.000000             0.000000             0.000000           93680.154320           0.440648             0.221204      
        6.90               5.025009              61838             19291.546604           1.783216             0.073957           17801.754392           1.358068             0.458013            454.512878            0.466433             0.161977           93351.895019           0.441459             0.221429      
        7.00               5.025009              61566             18382.520848           1.784304             0.069434           19140.042311           1.332599             0.465901           2449.319399            0.529127             0.567958           90927.826336           0.444286             0.220912      
        7.10               5.025009              61916             18104.762978           1.783950             0.066694           18988.538018           1.345496             0.458251           2600.823691            0.669019             0.562697           91205.584206           0.443098             0.222611      
        7.20               5.025009              61992             17726.002246           1.785231             0.068279           20251.073791           1.322893             0.472868           6312.678863            0.372425             0.326594           86609.953994           0.452766             0.224875      
        7.30               5.025009              59853             18609.777287           1.786050             0.071254           19367.298750           1.300956             0.487183            707.020033            0.404515             0.154602           92215.612824           0.447647             0.225980      
        7.40               5.025009              59802             18887.535157           1.788322             0.067091           17523.996522           1.334798             0.477536             0.000000             0.000000             0.000000           94488.177214           0.453305             0.228046      
        7.50               5.025009              59519             18155.264409           1.786369             0.068144           19367.298750           1.309062             0.476072           5302.650245            0.420733             0.360004           88074.495490           0.453979             0.220531      
        7.60               5.025009              59492             17978.509400           1.785854             0.064021           20503.580945           1.304162             0.474001           3408.846586            0.372853             0.181987           89008.771962           0.448068             0.216675      
        7.70               5.025009              59729             18407.771563           1.786474             0.069718           19417.800181           1.312971             0.476964           3105.838000            0.297182             0.114532           89968.299149           0.452348             0.215745      
        7.80               5.025009              60518             18407.771563           1.789136             0.064807           18508.774425           1.337960             0.466340            984.777903            0.326977             0.106386           92998.385003           0.451406             0.215867      
        7.90               5.025009              59717             18433.022279           1.787390             0.063217           18710.780149           1.330944             0.467168           1136.282195            0.436511             0.230089           92619.624271           0.449732             0.212964      
        8.00               5.025009              60743             17675.500815           1.786937             0.059961           19594.555189           1.318070             0.479104           3913.860895            0.470891             0.385163           89715.791994           0.454156             0.217919      
        8.10               5.025009              59470             17953.258685           1.782963             0.061286           19746.059482           1.323302             0.471016           1843.302228            0.285900             0.106759           91357.088498           0.452433             0.211196      
        8.20               5.025009              59710             18559.275856           1.780619             0.059390           18256.267270           1.331050             0.465256           1338.287919            0.322800             0.100128           92745.877848           0.455233             0.216756      
        8.30               5.025009              58842             17827.005108           1.783418             0.061168           18306.768701           1.357258             0.462845           1085.780764            0.362873             0.104231           93680.154320           0.458646             0.221216      
        8.40               5.025009              59846             17599.748669           1.786901             0.063711           17852.255823           1.363189             0.473889            833.273610            0.404429             0.177044           94614.430791           0.463756             0.228362      
        8.50               5.025009              58703             17145.235791           1.792510             0.065816           18887.535157           1.325689             0.497236           2348.316537            0.449258             0.476846           92518.621409           0.466641             0.225114      
        8.60               5.025009              59067             18104.762978           1.791904             0.065600           18180.515124           1.308544             0.494328           1363.538634            0.318289             0.146992           93250.892157           0.464703             0.225334      
        8.70               5.025009              58230             18281.517986           1.793341             0.064743           18306.768701           1.295259             0.503122           1843.302228            0.286442             0.111922           92468.119978           0.464755             0.220232      
        8.80               5.025009              57132             18534.025140           1.797397             0.065403           16842.227205           1.327556             0.481620            681.769317            0.343225             0.112531           94841.687231           0.464922             0.217526      
        8.90               5.025009              57559             17448.244376           1.801900             0.065786           17776.503677           1.345990             0.469734           1843.302228            0.635273             0.487924           93831.658613           0.463191             0.213873      
        9.00               5.025009              56273             16715.973628           1.803425             0.062306           18837.033726           1.312574             0.496992           3838.108748            0.583881             0.566690           91508.592791           0.468677             0.213285      
        9.10               5.025009              57015             17422.993661           1.802159             0.062898           18054.261547           1.322126             0.494092           1060.530049            0.333795             0.135033           94361.923637           0.470285             0.218068      
        9.20               5.025009              55471             17220.987937           1.801697             0.063047           18231.016555           1.327792             0.490967            656.518602            0.411260             0.203743           94791.185800           0.469411             0.216220      
        9.30               5.025009              55754             17145.235791           1.797467             0.064393           18761.281579           1.316488             0.488517           1616.045789            0.423874             0.182114           93377.145734           0.469044             0.213726      
        9.40               5.025009              56712             16741.224343           1.797360             0.068489           18104.762978           1.359863             0.471853           1792.800797            0.364235             0.230694           94260.920775           0.473547             0.215717      
        9.50               5.025009              56673             16236.210034           1.798942             0.067231           18988.538018           1.343389             0.485353           2020.057236            0.468304             0.207847           93654.903604           0.473408             0.218620      
        9.60               5.025009              55710             16513.967904           1.802595             0.070615           17498.745807           1.372498             0.474935            353.510016            0.302679             0.082811           96533.485166           0.477637             0.219738      
        9.70               5.025009              56679             16715.973628           1.808510             0.062546           16791.725774           1.382526             0.470442            404.011447            0.264844             0.102623           96987.998044           0.478894             0.218738      
        9.80               5.025009              55318             16488.717189           1.806872             0.067537           18155.264409           1.351894             0.482198             0.000000             0.000000             0.000000           96255.727296           0.474393             0.213271      
        9.90               5.025009              55107             16236.210034           1.807688             0.065505           18508.774425           1.346821             0.488651             0.000000             0.000000             0.000000           96154.724434           0.475504             0.212032      
       10.00               5.025009              54981             16008.953595           1.810737             0.071890           19367.298750           1.326153             0.497146            353.510016            0.647789             0.108567           95169.946531           0.473879             0.210641      
       10.10               5.025009              55757             16135.207173           1.813612             0.071762           18205.765840           1.357482             0.471052             0.000000             0.000000             0.000000           96558.735881           0.476632             0.210506      
       10.20               5.025009              55540             15907.950734           1.815004             0.067549           18357.270132           1.363438             0.473866             0.000000             0.000000             0.000000           96634.488027           0.477035             0.208472      
       10.30               5.025009              55895             15958.452164           1.813146             0.070508           19316.797319           1.322579             0.487628            984.777903            0.538192             0.219991           94639.681507           0.475350             0.208284      
       10.40               5.025009              55851             16640.221482           1.806526             0.071530           16867.477921           1.367899             0.469103             0.000000             0.000000             0.000000           97392.009491           0.481210             0.209838      
       10.50               5.025009              54953             17599.748669           1.800196             0.072329           15453.437855           1.358986             0.459620             0.000000             0.000000             0.000000           97846.522369           0.483574             0.211646      
       10.60               5.025009              55871             16640.221482           1.796430             0.064056           17827.005108           1.332809             0.476587            757.521464            0.310222             0.114818           95674.960840           0.481965             0.208726      
       10.70               5.025009              55309             17448.244376           1.790954             0.067471           15958.452164           1.353327             0.458020             0.000000             0.000000             0.000000           97493.012353           0.483665             0.210895      
       10.80               5.025009              54917             16816.976490           1.785993             0.067358           17347.241514           1.346093             0.467057             0.000000             0.000000             0.000000           96735.490889           0.481871             0.208621      
       10.90               5.025009              55493             16412.965043           1.784748             0.066959           18054.261547           1.340238             0.473243            328.259301            0.456956             0.131454           96104.223003           0.482393             0.209975      
       11.00               5.025009              56485             16210.959319           1.790270             0.068823           18306.768701           1.333987             0.475199           1010.028618            0.328704             0.107440           95371.952255           0.484681             0.212871      
       11.10               5.025009              55934             16160.457888           1.793266             0.064647           18433.022279           1.334561             0.466035           2449.319399            0.313556             0.102938           93856.909328           0.486400             0.210046      
       11.20               5.025009              54579             16210.959319           1.793478             0.065334           18281.517986           1.336322             0.468231            404.011447            0.292071             0.129752           96003.220141           0.483088             0.208825      
       11.30               5.025009              54569             16059.455026           1.792962             0.063213           18382.520848           1.336161             0.475453            681.769317            0.586709             0.180371           95775.963702           0.482835             0.211268      
       11.40               5.025009              54486             16589.720051           1.794063             0.063785           17119.985075           1.334989             0.481741            909.025756            0.355325             0.143850           96280.978011           0.488767             0.213685      
       11.50               5.025009              55105             16564.469335           1.791666             0.064460           17195.737222           1.336959             0.480278            404.011447            0.358901             0.120014           96735.490889           0.487794             0.214043      
       11.60               5.025009              54804             16034.204311           1.793478             0.067337           17776.503677           1.352178             0.464434            858.524325            0.301680             0.119973           96230.476580           0.487860             0.210942      
       11.70               5.025009              53621             15604.942148           1.796482             0.070290           18407.771563           1.346822             0.480192            606.017171            0.300322             0.102838           96280.978011           0.488071             0.209591      
       11.80               5.025009              55905             16084.705742           1.799784             0.066115           16943.230067           1.366682             0.468482             0.000000             0.000000             0.000000           97871.773085           0.489365             0.212587      
       11.90               5.025009              55377             16766.475059           1.803301             0.074586           15226.181416           1.381436             0.460075             0.000000             0.000000             0.000000           98907.052418           0.492695             0.213850      
       12.00               5.025009              53948             15756.446441           1.805547             0.072769           17347.241514           1.360620             0.476040            252.507155            0.411870             0.103575           97543.513784           0.490489             0.212541      
       12.10               5.025009              54999             15630.192864           1.809639             0.074069           17094.734360           1.372937             0.472114             0.000000             0.000000             0.000000           98174.781670           0.491419             0.212815      
       12.20               5.025009              53779             15806.947872           1.808951             0.075095           17044.232929           1.360930             0.478150             0.000000             0.000000             0.000000           98048.528093           0.491695             0.210283      
       12.30               5.025009              53571             15705.945010           1.811607             0.075160           16362.463612           1.379560             0.473119             0.000000             0.000000             0.000000           98831.300272           0.495531             0.215392      
       12.40               5.025009              52587             15529.190002           1.812200             0.075520           17599.748669           1.344281             0.492919            353.510016            0.370569             0.144821           97417.260206           0.493424             0.210161      
       12.50               5.025009              52852             15705.945010           1.811671             0.072662           17094.734360           1.352873             0.481341            732.270748            0.348232             0.145744           97366.758776           0.494666             0.208903      
       12.60               5.025009              51748             15705.945010           1.809570             0.075729           17422.993661           1.343569             0.484465            378.760732            0.337944             0.130843           97392.009491           0.493285             0.206953      
       12.70               5.025009              52950             16008.953595           1.805989             0.072858           17574.497953           1.320322             0.492681            681.769317            0.463500             0.193658           96634.488027           0.492247             0.204105      
       12.80               5.025009              53265             16210.959319           1.798228             0.073159           18130.013693           1.295917             0.501881            934.276472            0.497711             0.137971           95624.459409           0.490345             0.204345      
       12.90               5.025009              53262             15983.702880           1.794328             0.071977           17928.007970           1.327699             0.486723            454.512878            0.345425             0.140207           96533.485166           0.490607             0.202023      
       13.00               5.025009              54059             15478.688571           1.794338             0.072717           19316.797319           1.325582             0.481045           1262.535773            0.380187             0.192878           94841.687231           0.486495             0.195666      
       13.10               5.025009              53752             15377.685709           1.800076             0.075832           18559.275856           1.349083             0.469376            429.262163            0.333130             0.112062           96533.485166           0.488307             0.199832      
       13.20               5.025009              54167             15806.947872           1.802309             0.069833           18180.515124           1.331535             0.485817           1237.285057            0.487357             0.245984           95674.960840           0.488111             0.200353      
       13.30               5.025009              53538             15857.449303           1.806091             0.074929           18003.760116           1.333444             0.482363            454.512878            0.281620             0.135198           96583.986597           0.488953             0.199488      
       13.40               5.025009              53496             15705.945010           1.806259             0.066921           18306.768701           1.327760             0.487682             0.000000             0.000000             0.000000           96886.995182           0.488445             0.204809      
       13.50               5.025009              54364             15781.697156           1.805826             0.071306           18281.517986           1.323687             0.483340            429.262163            0.591713             0.141473           96407.231588           0.488013             0.204125      
       13.60               5.025009              54791             15680.694295           1.801451             0.068117           18761.281579           1.307373             0.497008            328.259301            0.496559             0.142041           96129.473718           0.489558             0.206713      
       13.70               5.025009              53314             15907.950734           1.797969             0.071494           18231.016555           1.313531             0.489618             0.000000             0.000000             0.000000           96760.741605           0.490395             0.207568      
       13.80               5.025009              54124             15604.942148           1.796995             0.072320           20301.575222           1.281428             0.491697            303.008585            0.617144             0.183957           94690.182938           0.483218             0.200780      
       13.90               5.025009              53496             16084.705742           1.795681             0.070861           18483.523709           1.311222             0.481708             0.000000             0.000000             0.000000           96331.479442           0.486663             0.200900      
       14.00               5.025009              52263             16362.463612           1.796429             0.076872           18029.010831           1.313106             0.475110            782.772179            0.502062             0.143104           95725.462271           0.486172             0.199988      
       14.10               5.025009              52101             16210.959319           1.801497             0.072447           16715.973628           1.354812             0.474455             0.000000             0.000000             0.000000           97972.775946           0.491453             0.202813      
       14.20               5.025009              53767             15705.945010           1.808360             0.071635           17650.250100           1.345023             0.481796             0.000000             0.000000             0.000000           97543.513784           0.490632             0.204545      
       14.30               5.025009              53579             15478.688571           1.813138             0.077576           18811.783010           1.322310             0.490608           1540.293642            0.354478             0.152191           95068.943670           0.489266             0.200078      
       14.40               5.025009              53551             15352.434994           1.815543             0.078915           18155.264409           1.348204             0.480210             0.000000             0.000000             0.000000           97392.009491           0.489260             0.199397      
       14.50               5.025009              53880             15251.432132           1.818846             0.082368           18155.264409           1.345230             0.487336            606.017171            0.452132             0.227477           96886.995182           0.490912             0.201623      
       14.60               5.025009              54064             14847.420685           1.821124             0.083291           18811.783010           1.354045             0.483706            530.265024            0.724166             0.239228           96710.240174           0.487074             0.198205      
       14.70               5.025009              53461             16337.212896           1.809305             0.085154           16210.959319           1.357785             0.486042             0.000000             0.000000             0.000000           98351.536678           0.492417             0.203201      
       14.80               5.025009              54205             15478.688571           1.808810             0.084105           17877.506539           1.359138             0.475602             0.000000             0.000000             0.000000           97543.513784           0.489054             0.201295      
       14.90               5.025009              54465             15024.175693           1.807221             0.087463           18584.526571           1.356720             0.471730           1489.792212            0.317494             0.124275           95801.214418           0.492280             0.201553      
       15.00               5.025009              55135             15200.930701           1.806337             0.084351           18837.033726           1.333968             0.477329           1262.535773            0.469690             0.227502           95599.208694           0.489763             0.199655      
       15.10               5.025009              54366             15377.685709           1.806124             0.078968           18155.264409           1.341980             0.474432           1792.800797            0.379853             0.177306           95573.957979           0.493660             0.204745      
       15.20               5.025009              54517             15402.936425           1.805110             0.076001           17599.748669           1.350758             0.474734            782.772179            0.357703             0.162349           97114.251621           0.495736             0.204345      
       15.30               5.025009              54673             15478.688571           1.805773             0.072625           17372.492230           1.339013             0.479611            353.510016            0.545953             0.147558           97695.018076           0.497405             0.209680      
       15.40               5.025009              54375             14973.674262           1.800694             0.069906           18306.768701           1.339231             0.476131            757.521464            0.516157             0.304106           96861.744467           0.496883             0.206727      
       15.50               5.025009              54532             14796.919254           1.797874             0.071952           19291.546604           1.325658             0.486531            429.262163            0.286538             0.120374           96381.980873           0.494906             0.202401      
       15.60               5.025009              53839             14418.158522           1.795860             0.067308           20023.817352           1.314335             0.495620           2020.057236            0.502956             0.219465           94437.675783           0.495279             0.203731      
       15.70               5.025009              53453             14594.913530           1.793639             0.069169           18508.774425           1.347091             0.487789             0.000000             0.000000             0.000000           97796.020938           0.499908             0.203857      
       15.80               5.025009              53077             14771.668538           1.796615             0.061303           18205.765840           1.340125             0.484844            631.267886            0.521173             0.230835           97291.006629           0.500910             0.200006      
       15.90               5.025009              52698             14342.406376           1.804579             0.066871           18029.010831           1.361029             0.482436            707.020033            0.454018             0.192414           97821.271654           0.503561             0.201352      
       16.00               5.025009              52341             14594.913530           1.807753             0.065477           17523.996522           1.345469             0.496002             0.000000             0.000000             0.000000           98780.798841           0.506556             0.209159      
       16.10               5.025009              51136             14317.155660           1.810904             0.065534           17953.258685           1.342597             0.490783            808.022894            0.417067             0.146846           97821.271654           0.507374             0.206256      
       16.20               5.025009              51569             14064.648506           1.811848             0.059429           18988.538018           1.321797             0.500450            984.777903            0.402121             0.150480           96861.744467           0.506103             0.205988      
       16.30               5.025009              52000             14544.412099           1.810455             0.059981           18332.019417           1.317640             0.489894            378.760732            0.388108             0.131109           97644.516645           0.505569             0.207506      
       16.40               5.025009              53148             15453.437855           1.799664             0.066642           16135.207173           1.335899             0.485077             0.000000             0.000000             0.000000           99311.063865           0.509853             0.215951      
       16.50               5.025009              52661             16741.224343           1.792043             0.072540           8181.231806            1.367765             0.485406           5277.399529            1.340812             0.459692          100699.853215           0.513735             0.219473      
       16.60               5.025009              53620             15453.437855           1.794617             0.066433           16311.962181           1.349010             0.471841             0.000000             0.000000             0.000000           99134.308857           0.507009             0.211666      
       16.70               5.025009              51014             15099.927839           1.791929             0.068237           17549.247238           1.329402             0.477438            782.772179            0.450961             0.267406           97467.761637           0.505388             0.207704      
       16.80               5.025009              52172             15150.429270           1.789256             0.063459           16463.466473           1.356883             0.476114             0.000000             0.000000             0.000000           99285.813150           0.509166             0.209728      
       16.90               5.025009              52028             14645.414961           1.789024             0.066093           17246.238652           1.363022             0.479927             0.000000             0.000000             0.000000           99008.055280           0.507959             0.210205      
       17.00               5.025009              52371             15301.933563           1.789251             0.067518           16867.477921           1.347089             0.478547            252.507155            0.502956             0.110676           98477.790255           0.505413             0.206024      
       17.10               5.025009              52536             14291.904945           1.794442             0.062712           19417.800181           1.331510             0.483735            707.020033            0.417244             0.109220           96482.983735           0.499611             0.199952      
       17.20               5.025009              52859             15049.426408           1.797610             0.070260           17498.745807           1.344382             0.482876             0.000000             0.000000             0.000000           98351.536678           0.502504             0.200925      
       17.30               5.025009              52484             14872.671400           1.802299             0.065582           17953.258685           1.346775             0.480586            378.760732            0.295701             0.121735           97695.018076           0.500578             0.197486      
       17.40               5.025009              51912             15857.449303           1.799154             0.069927           16589.720051           1.348003             0.472494             0.000000             0.000000             0.000000           98452.539540           0.498789             0.194382      
       17.50               5.025009              52674             15276.682847           1.799540             0.071880           17852.255823           1.337534             0.477650            454.512878            0.347625             0.141291           97316.257345           0.498098             0.192962      
       17.60               5.025009              52838             14872.671400           1.798870             0.067395           18458.272994           1.339454             0.478556           1035.279333            0.571826             0.187404           96533.485166           0.496512             0.193857      
       17.70               5.025009              53920             15327.184278           1.793415             0.065604           17523.996522           1.340048             0.467811             0.000000             0.000000             0.000000           98048.528093           0.500048             0.198497      
       17.80               5.025009              53468             15327.184278           1.792828             0.062208           16842.227205           1.350950             0.473640            757.521464            0.905585             0.296137           97972.775946           0.500976             0.199435      
       17.90               5.025009              52952             16059.455026           1.791406             0.064444           15655.443579           1.339279             0.481018            252.507155            1.184125             0.167506           98932.303133           0.505042             0.200939      
       18.00               5.025009              51208             16261.460750           1.788831             0.059641           15680.694295           1.313781             0.495270             0.000000             0.000000             0.000000           98957.553849           0.508400             0.204953      
       18.10               5.025009              49799             16236.210034           1.785392             0.063491           14266.654229           1.371660             0.470894             0.000000             0.000000             0.000000          100396.844630           0.512397             0.208613      
       18.20               5.025009              51692             15503.939286           1.792190             0.057010           16412.965043           1.327000             0.495138             0.000000             0.000000             0.000000           98982.804564           0.509523             0.204455      
       18.30               5.025009              52136             15074.677124           1.795063             0.055897           17195.737222           1.325270             0.493407            252.507155            0.784136             0.206391           98376.787394           0.507772             0.201052      
       18.40               5.025009              51564             15099.927839           1.797227             0.055844           17044.232929           1.325258             0.490099             0.000000             0.000000             0.000000           98755.548125           0.509075             0.200515      
       18.50               5.025009              50820             14089.899221           1.802284             0.055792           19619.805905           1.302103             0.499235           3636.103025            0.439481             0.144029           93553.900743           0.507312             0.197214      
       18.60               5.025009              51806             13913.144213           1.808003             0.058755           18710.780149           1.324156             0.499079             0.000000             0.000000             0.000000           98275.784532           0.509474             0.197733      
       18.70               5.025009              50402             14140.400652           1.810769             0.064210           17246.238652           1.340408             0.505401           1060.530049            0.356426             0.148180           98452.539540           0.517000             0.202339      
       18.80               5.025009              50670             14392.907807           1.810128             0.063514           17018.982213           1.334745             0.503578            353.510016            0.311165             0.121473           99134.308857           0.515674             0.201035      
       18.90               5.025009              49400             14392.907807           1.808182             0.064592           17549.247238           1.325698             0.498202             0.000000             0.000000             0.000000           98957.553849           0.512442             0.195749      
       19.00               5.025009              49312             14645.414961           1.802544             0.058760           17801.754392           1.306276             0.504430             0.000000             0.000000             0.000000           98452.539540           0.511383             0.193796      
       19.10               5.025009              50337             14241.403514           1.801227             0.059306           18155.264409           1.321876             0.507716             0.000000             0.000000             0.000000           98503.040971           0.511142             0.193964      
       19.20               5.025009              50154             14190.902083           1.803832             0.059749           17549.247238           1.345015             0.504113             0.000000             0.000000             0.000000           99159.559572           0.512285             0.195088      
       19.30               5.025009              49394             13887.893498           1.805529             0.054535           20124.820214           1.283838             0.515263           1666.547220            0.526238             0.163398           95220.447962           0.506309             0.189554      
       19.40               5.025009              48865             14014.147075           1.805818             0.054196           18988.538018           1.310738             0.512474            277.757870            0.417630             0.127898           97619.265930           0.508998             0.190402      
       19.50               5.025009              50016             14822.169969           1.802098             0.056452           16943.230067           1.353402             0.481922             0.000000             0.000000             0.000000           99134.308857           0.507978             0.187134      
       19.60               5.025009              49938             14266.654229           1.803016             0.056570           18407.771563           1.329547             0.494740            606.017171            0.536288             0.140473           97619.265930           0.506847             0.184497      
       19.70               5.025009              50931             14822.169969           1.804189             0.059226           16640.221482           1.347879             0.482313             0.000000             0.000000             0.000000           99437.317442           0.511166             0.189955      
       19.80               5.025009              50319             14620.164246           1.809487             0.055950           16614.970766           1.366659             0.472247             0.000000             0.000000             0.000000           99664.573881           0.510091             0.186237      
       19.90               5.025009              51155             14317.155660           1.809717             0.057369           18256.267270           1.333076             0.491639            378.760732            0.324743             0.130309           97947.525231           0.506700             0.182102      
       20.00               5.025009              50638             14721.167107           1.808145             0.055413           17170.486506           1.354417             0.486128             0.000000             0.000000             0.000000           99008.055280           0.506282             0.186195      
       20.10               5.025009              51181             14948.423546           1.805943             0.052134           16412.965043           1.373183             0.474871             0.000000             0.000000             0.000000           99538.320304           0.507001             0.189532      
       20.20               5.025009              50903             14620.164246           1.807982             0.052698           17675.500815           1.342536             0.493603            454.512878            0.367426             0.145693           98149.530954           0.506065             0.189445      
       20.30               5.025009              51572             14923.172831           1.801628             0.054414           17978.509400           1.317684             0.494481             0.000000             0.000000             0.000000           97998.026662           0.504337             0.187456      
       20.40               5.025009              49962             14645.414961           1.799676             0.057228           18508.774425           1.320617             0.481523            479.763594            0.412703             0.154889           97265.755914           0.503795             0.186817      
       20.50               5.025009              51195             14291.904945           1.803259             0.052663           18079.512262           1.349207             0.482193             0.000000             0.000000             0.000000           98528.291686           0.505794             0.187363      
       20.60               5.025009              50640             14746.417823           1.798403             0.052782           17877.506539           1.328485             0.499461             0.000000             0.000000             0.000000           98275.784532           0.506025             0.187179      
       20.70               5.025009              51405             14342.406376           1.799210             0.049777           18635.028002           1.317948             0.509139             0.000000             0.000000             0.000000           97922.274515           0.506882             0.189731      
       20.80               5.025009              51415             13483.882050           1.798963             0.050156           19291.546604           1.343283             0.504288            277.757870            0.579642             0.133258           97846.522369           0.507611             0.190368      
       20.90               5.025009              51380             13837.392067           1.796726             0.058934           18685.529433           1.334616             0.507998            858.524325            0.392534             0.186835           97518.263068           0.511320             0.192022      
       21.00               5.025009              51977             14367.657091           1.795073             0.059704           17700.751531           1.327062             0.511791            303.008585            0.547839             0.141718           98528.291686           0.513081             0.195669      
       21.10               5.025009              51382             15150.429270           1.795131             0.060328           15579.691433           1.342068             0.503989             0.000000             0.000000             0.000000          100169.588190           0.518061             0.201364      
       21.20               5.025009              49916             14064.648506           1.793006             0.057077           17953.258685           1.332571             0.499490            378.760732            0.351145             0.098998           98503.040971           0.514959             0.196138      
       21.30               5.025009              50607             14039.397790           1.793168             0.048671           17978.509400           1.320521             0.507799             0.000000             0.000000             0.000000           98881.801703           0.516617             0.197826      
       21.40               5.025009              49461             14115.149937           1.789708             0.049704           18534.025140           1.293351             0.511913             0.000000             0.000000             0.000000           98250.533816           0.516710             0.195078      
       21.50               5.025009              50352             13610.135628           1.791459             0.050977           19114.791596           1.302761             0.512000            808.022894            0.492560             0.151432           97366.758776           0.516788             0.195672      
       21.60               5.025009              50057             13963.645644           1.794016             0.052671           17624.999384           1.317220             0.514624             0.000000             0.000000             0.000000           99311.063865           0.520919             0.198419      
       21.70               5.025009              50133             13307.127042           1.796255             0.052466           18736.030864           1.318155             0.512006            757.521464            0.740573             0.180949           98099.029524           0.518242             0.198257      
       21.80               5.025009              49959             13307.127042           1.796406             0.054156           17978.509400           1.349278             0.490239             0.000000             0.000000             0.000000           99614.072451           0.520378             0.196608      
       21.90               5.025009              48934             12650.608440           1.797463             0.052988           20705.586669           1.294240             0.502043           1489.792212            0.438316             0.177987           96053.721572           0.518564             0.195864      
       22.00               5.025009              48732             13534.383481           1.794762             0.063694           16362.463612           1.368437             0.487175             0.000000             0.000000             0.000000          101002.861800           0.527886             0.202143      
       22.10               5.025009              47467             13256.625611           1.805211             0.052869           17675.500815           1.328449             0.512384            378.760732            0.285140             0.165007           99588.821735           0.526967             0.197522      
       22.20               5.025009              48525             13206.124180           1.808631             0.047481           17776.503677           1.307569             0.531344            303.008585            0.587442             0.157446           99614.072451           0.528971             0.198035      
       22.30               5.025009              46867             12600.107010           1.808318             0.048544           18155.264409           1.332781             0.519501             0.000000             0.000000             0.000000          100144.337475           0.529416             0.197701      
       22.40               5.025009              48695             13458.631335           1.807019             0.052043           16917.979352           1.323681             0.518370            378.760732            0.340584             0.118191          100144.337475           0.530804             0.195755      
       22.50               5.025009              48170             13357.628473           1.805186             0.049626           16741.224343           1.342793             0.499319             0.000000             0.000000             0.000000          100800.856077           0.529827             0.194893      
       22.60               5.025009              48123             12852.614164           1.799089             0.054406           19089.540880           1.299350             0.507905            530.265024            0.690221             0.214341           98427.288824           0.525332             0.190385      
       22.70               5.025009              47352             12877.864880           1.797736             0.055504           18205.765840           1.326997             0.497363            681.769317            0.561774             0.211225           99134.308857           0.527638             0.187408      
       22.80               5.025009              47926             12650.608440           1.801178             0.050822           18508.774425           1.322832             0.507152             0.000000             0.000000             0.000000           99740.326028           0.528673             0.188390      
       22.90               5.025009              46940             12928.366310           1.802393             0.050116           18205.765840           1.316396             0.508277             0.000000             0.000000             0.000000           99765.576743           0.528559             0.190775      
       23.00               5.025009              46974             12701.109871           1.804645             0.047031           18584.526571           1.321476             0.502968             0.000000             0.000000             0.000000           99614.072451           0.527235             0.188792      
       23.10               5.025009              47519             12600.107010           1.813000             0.048284           18029.010831           1.333850             0.503284             0.000000             0.000000             0.000000          100270.591052           0.529647             0.187630      
       23.20               5.025009              47707             12347.599855           1.817681             0.047141           18887.535157           1.320553             0.505028             0.000000             0.000000             0.000000           99664.573881           0.527911             0.187958      
       23.30               5.025009              46841             12398.101286           1.821650             0.051148           17018.982213           1.387157             0.475106             0.000000             0.000000             0.000000          101482.625394           0.530209             0.188490      
       23.40               5.025009              47359             12044.591270           1.826795             0.054071           18130.013693           1.360010             0.491479             0.000000             0.000000             0.000000          100725.103930           0.529560             0.186147      
       23.50               5.025009              46930             11943.588408           1.824828             0.050467           18710.780149           1.344359             0.496774            530.265024            0.324366             0.104149           99715.075312           0.530301             0.186055      
       23.60               5.025009              46986             12095.092701           1.816853             0.050722           18382.520848           1.347149             0.495113            404.011447            0.274745             0.112423          100018.083898           0.531404             0.186746      
       23.70               5.025009              48157             12170.844847           1.814336             0.051059           18837.033726           1.326217             0.501960            757.521464            0.290421             0.101398           99134.308857           0.531763             0.185233      
       23.80               5.025009              47526             12852.614164           1.812550             0.052210           16741.224343           1.351395             0.492444             0.000000             0.000000             0.000000          101305.870386           0.533829             0.189278      
       23.90               5.025009              47347             12120.343416           1.809767             0.051357           18710.780149           1.315445             0.508492           1111.031480            0.402329             0.174666           98957.553849           0.535634             0.188809      
       24.00               5.025009              46959             11943.588408           1.814028             0.048592           18029.010831           1.347107             0.492558             0.000000             0.000000             0.000000          100927.109654           0.535505             0.193405      
       24.10               5.025009              47517             12499.104148           1.817010             0.050784           17119.985075           1.338202             0.501075             0.000000             0.000000             0.000000          101280.619670           0.536914             0.193051      
       24.20               5.025009              47450             12120.343416           1.822143             0.045188           18256.267270           1.308701             0.522110            833.273610            0.445232             0.144290           99689.824597           0.538189             0.192184      
       24.30               5.025009              45828             12221.346278           1.818294             0.042077           18912.785872           1.283100             0.522873           2095.809382            0.381714             0.175025           97669.767361           0.539686             0.187997      
       24.40               5.025009              46264             12448.602717           1.815384             0.047537           17094.734360           1.336376             0.495932             0.000000             0.000000             0.000000          101356.371817           0.538259             0.187441      
       24.50               5.025009              46305             12322.349140           1.811911             0.046091           16766.475059           1.356874             0.482897            454.512878            0.517037             0.139376          101356.371817           0.539562             0.187134      
       24.60               5.025009              44552             12271.847709           1.813826             0.042573           17549.247238           1.328490             0.490710            378.760732            0.454113             0.143787          100699.853215           0.538779             0.185403      
       24.70               5.025009              46014             12448.602717           1.812894             0.043960           16766.475059           1.344946             0.491095             0.000000             0.000000             0.000000          101684.631117           0.539728             0.186334      
       24.80               5.025009              45583             12473.853432           1.811629             0.042085           17119.985075           1.330901             0.497493            303.008585            0.594043             0.098345          101002.861800           0.538965             0.185710      
       24.90               5.025009              45253             12347.599855           1.812903             0.045473           17321.990799           1.323174             0.509247             0.000000             0.000000             0.000000          101230.118239           0.540304             0.186110      
       25.00               5.025009              45160             12827.363449           1.814480             0.044381           16236.210034           1.322599             0.506196             0.000000             0.000000             0.000000          101836.135410           0.542548             0.190062      
       25.10               5.025009              45168             12499.104148           1.811650             0.046822           17801.754392           1.286671             0.523686            808.022894            0.511124             0.149287           99790.827459           0.541513             0.188400      
       25.20               5.025009              45198             12953.617026           1.803975             0.048168           16715.973628           1.307970             0.496817             0.000000             0.000000             0.000000          101230.118239           0.541025             0.186632      
       25.30               5.025009              45164             13180.873465           1.798515             0.046337           15579.691433           1.333595             0.490359             0.000000             0.000000             0.000000          102139.143996           0.543543             0.190375      
       25.40               5.025009              45494             12574.856294           1.802804             0.047825           16816.976490           1.321522             0.503653           1186.783626            0.565394             0.156866          100321.092483           0.542608             0.186776      
       25.50               5.025009              44718             12650.608440           1.805684             0.048220           16084.705742           1.347243             0.486452             0.000000             0.000000             0.000000          102164.394711           0.543115             0.184699      
       25.60               5.025009              45178             12574.856294           1.808212             0.051555           15832.198587           1.352118             0.492105             0.000000             0.000000             0.000000          102492.654012           0.544966             0.186365      
       25.70               5.025009              44742             12246.596993           1.813647             0.048812           16135.207173           1.354553             0.494216            505.014309            0.500976             0.181602          102012.890418           0.545813             0.184895      
       25.80               5.025009              45525             12347.599855           1.814604             0.057201           16034.204311           1.343628             0.510316             0.000000             0.000000             0.000000          102517.904727           0.546734             0.187571      
       25.90               5.025009              44716             12297.098424           1.811484             0.051495           16438.215758           1.323258             0.515194             0.000000             0.000000             0.000000          102164.394711           0.547862             0.190638      
       26.00               5.025009              44852             12398.101286           1.810358             0.057429           16564.469335           1.323013             0.507226             0.000000             0.000000             0.000000          101937.138272           0.545827             0.187084      
       26.10               5.025009              44596             12423.352001           1.806920             0.059194           15832.198587           1.344159             0.509542            277.757870            0.453633             0.151382          102366.400435           0.548471             0.186750      
       26.20               5.025009              46246             12347.599855           1.805290             0.060221           16943.230067           1.318285             0.504135            353.510016            0.693050             0.181945          101255.368955           0.544445             0.180425      
       26.30               5.025009              44586             13004.118457           1.806735             0.064902           14897.922116           1.355021             0.491068             0.000000             0.000000             0.000000          102997.668321           0.546789             0.183804      
       26.40               5.025009              45022             12246.596993           1.812340             0.062598           16690.722913           1.333016             0.504566            631.267886            0.375435             0.148231          101331.121101           0.545923             0.180382      
       26.50               5.025009              44306             12473.853432           1.809465             0.064580           16387.714327           1.334231             0.495539             0.000000             0.000000             0.000000          102038.141134           0.544541             0.178873      
       26.60               5.025009              44559             12625.357725           1.806761             0.061952           15705.945010           1.346305             0.495467             0.000000             0.000000             0.000000          102568.406158           0.546406             0.184147      
       26.70               5.025009              45450             12221.346278           1.816739             0.062703           15882.700018           1.365826             0.477342             0.000000             0.000000             0.000000          102795.662597           0.545782             0.180483      
       26.80               5.025009              45365             11514.326245           1.821123             0.058965           17498.745807           1.349182             0.501369             0.000000             0.000000             0.000000          101886.636841           0.543957             0.182775      
       26.90               5.025009              45266             11918.337692           1.822570             0.061649           16286.711465           1.362153             0.498937            328.259301            0.399075             0.098808          102366.400435           0.546683             0.184967      
       27.00               5.025009              45134             11893.086977           1.822740             0.061550           17599.748669           1.318257             0.506081           1565.544358            0.463098             0.178190           99841.328890           0.544824             0.186877      
       27.10               5.025009              44765             12246.596993           1.819118             0.065034           17448.244376           1.307295             0.499018           1186.783626            0.381704             0.146920          100018.083898           0.544492             0.183348      
       27.20               5.025009              45503             12549.605579           1.812965             0.064825           16892.728636           1.308137             0.500689            378.760732            0.448832             0.133845          101078.613947           0.543933             0.183094      
       27.30               5.025009              45607             12701.109871           1.810708             0.060940           16665.472197           1.304433             0.502448             0.000000             0.000000             0.000000          101533.126825           0.544285             0.184217      
       27.40               5.025009              46118             13483.882050           1.805860             0.066909           14872.671400           1.328342             0.494360             0.000000             0.000000             0.000000          102543.155443           0.545078             0.186636      
       27.50               5.025009              46869             12827.363449           1.809335             0.065914           15832.198587           1.334243             0.490781             0.000000             0.000000             0.000000          102240.146857           0.544473             0.189178      
       27.60               5.025009              46152             12499.104148           1.810930             0.060263           16337.212896           1.331378             0.502556            833.273610            0.432031             0.148936          101230.118239           0.545826             0.187149      
       27.70               5.025009              45345             13029.369172           1.814439             0.065639           15907.950734           1.310225             0.500858            303.008585            0.627045             0.098123          101659.380402           0.544229             0.183462      
       27.80               5.025009              44630             12928.366310           1.814537             0.063927           16185.708604           1.310354             0.503297            303.008585            0.448832             0.146703          101482.625394           0.543896             0.182718      
       27.90               5.025009              45213             12928.366310           1.809200             0.065831           16084.705742           1.319017             0.497887             0.000000             0.000000             0.000000          101886.636841           0.543683             0.177660      
       28.00               5.025009              44795             12978.867741           1.804086             0.062860           15554.440717           1.345275             0.481463             0.000000             0.000000             0.000000          102366.400435           0.543733             0.178517      
       28.10               5.025009              45339             13004.118457           1.799891             0.064152           14847.420685           1.374986             0.461847             0.000000             0.000000             0.000000          103048.169752           0.545172             0.181657      
       28.20               5.025009              45806             12675.859156           1.799878             0.059736           15377.685709           1.366395             0.479190            277.757870            0.482435             0.135954          102568.406158           0.546357             0.182491      
       28.30               5.025009              45875             12423.352001           1.804746             0.065662           15781.697156           1.352389             0.490137            404.011447            0.628695             0.144071          102290.648288           0.547284             0.185926      
       28.40               5.025009              45972             12600.107010           1.805699             0.066245           15655.443579           1.336340             0.497582            606.017171            0.554440             0.152954          102038.141134           0.548726             0.186589      
       28.50               5.025009              45871             12852.614164           1.805547             0.069973           15478.688571           1.324337             0.501122             0.000000             0.000000             0.000000          102568.406158           0.548853             0.186302      
       28.60               5.025009              44708             12448.602717           1.809440             0.067954           15781.697156           1.340857             0.501797             0.000000             0.000000             0.000000          102669.409020           0.548498             0.185307      
       28.70               5.025009              45007             12953.617026           1.807063             0.065508           15503.939286           1.318375             0.505358             0.000000             0.000000             0.000000          102442.152581           0.548134             0.185557      
       28.80               5.025009              44437             12574.856294           1.805269             0.065131           15781.697156           1.332746             0.501390            454.512878            0.783256             0.209789          102088.642565           0.547661             0.184555      
       28.90               5.025009              44910             12524.354863           1.806800             0.071273           16412.965043           1.312621             0.507807            757.521464            0.501636             0.190570          101204.867524           0.547869             0.184741      
       29.00               5.025009              44224             12776.862018           1.804277             0.067149           15579.691433           1.327305             0.504833             0.000000             0.000000             0.000000          102543.155443           0.548725             0.187133      
       29.10               5.025009              44619             12726.360587           1.804915             0.066874           15074.677124           1.359963             0.487104             0.000000             0.000000             0.000000          103098.671183           0.548300             0.185212      
       29.20               5.025009              44118             12600.107010           1.800382             0.066287           15806.947872           1.337070             0.499542             0.000000             0.000000             0.000000          102492.654012           0.548137             0.184446      
       29.30               5.025009              44834             12675.859156           1.797511             0.064540           14822.169969           1.367006             0.475781             0.000000             0.000000             0.000000          103401.679768           0.550794             0.185622      
       29.40               5.025009              44882             13231.374896           1.795429             0.065214           13736.389205           1.378237             0.480455             0.000000             0.000000             0.000000          103931.944793           0.551438             0.184426      
       29.50               5.025009              44135             13610.135628           1.798806             0.067058           13635.386343           1.348403             0.495533             0.000000             0.000000             0.000000          103654.186923           0.551179             0.184580      
       29.60               5.025009              44867             13256.625611           1.800307             0.067924           14544.412099           1.321676             0.518039             0.000000             0.000000             0.000000          103098.671183           0.552005             0.185834      
       29.70               5.025009              44413             12877.864880           1.802473             0.064180           15200.930701           1.330708             0.516283            404.011447            0.413355             0.123635          102416.901866           0.550622             0.182716      
       29.80               5.025009              44035             13509.132766           1.799375             0.066655           14796.919254           1.313517             0.512136            681.769317            0.325623             0.111146          101911.887557           0.549828             0.184032      
       29.90               5.025009              44373             13433.380619           1.803120             0.073541           14064.648506           1.341235             0.513674             0.000000             0.000000             0.000000          103401.679768           0.550417             0.182903      
