        tauB               sizeBin             clust_size           bulk_area            bulk_ndens         bulk_ndens_std          int_area            int_ndens          int_ndens_std           bub_area            bub_ndens          bub_ndens_std           gas_area            gas_ndens          gas_ndens_std    
        0.00               5.025009                10                0.000000             0.000000             0.000000          130798.706031           0.764006             0.065478             0.000000             0.000000             0.000000            101.002862            0.683149             0.051446      
        0.10               5.025009               3240               0.000000             0.000000             0.000000          126910.095852           0.769852             0.215162             0.000000             0.000000             0.000000           3989.613041            0.575996             0.121583      
        0.20               5.025009               3509               0.000000             0.000000             0.000000          124763.785039           0.772732             0.225585             0.000000             0.000000             0.000000           6135.923854            0.585242             0.124148      
        0.30               5.025009               2682               0.000000             0.000000             0.000000          120799.422713           0.779548             0.237508             0.000000             0.000000             0.000000           10100.286180           0.577310             0.135775      
        0.40               5.025009               2985               0.000000             0.000000             0.000000          121354.938453           0.779449             0.247069             0.000000             0.000000             0.000000           9544.770440            0.566803             0.128266      
        0.50               5.025009               3905               0.000000             0.000000             0.000000          119132.875493           0.784242             0.247091             0.000000             0.000000             0.000000           11766.833400           0.558434             0.131428      
        0.60               5.025009               5269               0.000000             0.000000             0.000000           88731.014092           0.846547             0.266545            429.262163            0.871262             0.143756           41739.432639           0.587238             0.151777      
        0.70               5.025009               3391               0.000000             0.000000             0.000000           67192.153813           0.907085             0.271426            454.512878            1.163883             0.170665           63253.042202           0.609014             0.158374      
        0.80               5.025009               3889               0.000000             0.000000             0.000000           56410.098315           0.922299             0.286739           8686.246115            0.958066             0.361262           65803.364463           0.602568             0.162237      
        0.90               5.025009               5381               0.000000             0.000000             0.000000           48632.877957           0.955444             0.322511           11968.839123           0.973194             0.309265           70297.991813           0.595835             0.166475      
        1.00               5.025009               3843               0.000000             0.000000             0.000000           72696.809781           0.595556             0.166349           58202.899112           0.974264             0.353134             0.000000             0.000000             0.000000      
        1.10               5.025009               4256              202.005724            1.688071             0.044000           1893.803659            1.152179             0.341851           49365.148705           1.028438             0.384510           79438.750806           0.587975             0.173423      
        1.20               5.025009               4232              202.005724            1.653418             0.026195           5050.143090            1.001358             0.424460           45527.039956           1.052583             0.432863           80120.520123           0.582722             0.177599      
        1.30               5.025009               4862              227.256439            1.812930             0.131716           4772.385220            1.078496             0.413112           46890.578591           1.065139             0.472893           79009.488643           0.563173             0.171557      
        1.40               5.025009               5699              277.757870            1.702922             0.047763           3131.088716            1.092591             0.395997           47446.094331           1.118954             0.506532           80044.767977           0.537399             0.174839      
        1.50               5.025009               6209              328.259301            1.843055             0.140332           4974.390944            1.228894             0.625424           44971.524217           1.159534             0.507707           80625.534432           0.510211             0.169356      
        1.60               5.025009               6817              732.270748            1.825827             0.113140           3535.100163            1.130661             0.452219           48860.134396           1.163546             0.563679           77772.203586           0.486228             0.164572      
        1.70               5.025009               9295             1464.541496            1.864747             0.108153           5378.402391            1.228432             0.582862           45577.541387           1.197081             0.577969           78479.223619           0.460020             0.167875      
        1.80               5.025009              10206             1338.287919            1.895706             0.070525           6009.670277            1.204725             0.607317           50753.938055           1.166826             0.606592           72797.812643           0.425864             0.161977      
        1.90               5.025009              10935             1893.803659            1.889847             0.071887           6262.177432            1.210282             0.615403           52369.983843           1.165400             0.622985           70373.743959           0.395176             0.153494      
        2.00               5.025009              11662             3762.356602            1.876483             0.072343           6262.177432            1.218426             0.620721           51637.713095           1.163955             0.631256           69237.461764           0.364051             0.142875      
        2.10               5.025009              13165             4040.114472            1.873709             0.071283           23306.410360           1.174140             0.639904           35654.010216           1.195882             0.632464           67899.173845           0.330299             0.132793      
        2.20               5.025009              13643             5807.664554            1.863744             0.073264           9292.263286            1.274609             0.624770           46032.054265           1.221562             0.623702           69767.726789           0.302446             0.125301      
        2.30               5.025009              16904             6868.194602            1.856674             0.076247           12019.340554           1.215874             0.619653           43481.732005           1.230356             0.629074           68530.441732           0.279234             0.121499      
        2.40               5.025009              14459             8913.502554            1.838896             0.104220           19998.566636           1.239539             0.624853           33103.687955           1.228473             0.619781           68883.951748           0.263530             0.116416      
        2.50               5.025009              17738             7600.465350            1.851992             0.068108           13433.380619           1.180194             0.648792           45400.786379           1.188636             0.645952           64465.076544           0.249825             0.111702      
        2.60               5.025009              17822             9317.514001            1.831926             0.087384           12044.591270           1.250603             0.627221           42244.446948           1.215568             0.628703           67293.156674           0.245448             0.112404      
        2.70               5.025009              19900             9570.021156            1.839390             0.070517           13635.386343           1.201506             0.633368           41966.689078           1.195115             0.638067           65727.612317           0.241284             0.119783      
        2.80               5.025009              20105             9974.032603            1.831957             0.071891           53657.770331           1.154651             0.660677           3939.111610            1.237335             0.577364           63328.794349           0.235248             0.112162      
        2.90               5.025009              20697             10226.539757           1.827304             0.066180           47749.102916           1.146891             0.670286           10150.787611           1.197838             0.636246           62773.278609           0.229254             0.109951      
        3.00               5.025009              21145             11034.562652           1.820462             0.070467           34845.987321           1.189692             0.659446           20251.073791           1.192085             0.633603           64768.085129           0.221019             0.105626      
        3.10               5.025009              21457             11564.827676           1.814900             0.065723           33558.200833           1.214189             0.641071           20023.817352           1.206813             0.635035           65752.863032           0.214439             0.102407      
        3.20               5.025009              21546             11893.086977           1.804830             0.062610           13761.639920           1.228487             0.624166           40148.637566           1.188035             0.646043           65096.344430           0.214006             0.103072      
        3.30               5.025009              21619             11438.574099           1.801536             0.061353           14140.400652           1.207321             0.646223           40729.404021           1.188822             0.641014           64591.330121           0.215215             0.100972      
        3.40               5.025009              21848             12625.357725           1.803038             0.059076           13332.377758           1.219062             0.644913           38254.833907           1.212265             0.625730           66687.139504           0.219053             0.103003      
        3.50               5.025009              21949             11716.331969           1.805258             0.058796           14620.164246           1.161752             0.667405           39517.369679           1.201320             0.635566           65045.842999           0.221244             0.103330      
        3.60               5.025009              21968             11817.334831           1.806245             0.059810           13685.887774           1.240694             0.627841           38254.833907           1.218879             0.629156           67141.652382           0.224108             0.110202      
        3.70               5.025009              21942             12776.862018           1.803651             0.058113           32396.667922           1.198642             0.648250           18609.777287           1.224625             0.616225           67116.401666           0.228454             0.105818      
        3.80               5.025009              21903             13534.383481           1.806141             0.060814           12297.098424           1.273471             0.612748           35957.018801           1.231109             0.620432           69111.208187           0.226128             0.106463      
        3.90               5.025009              21951             12726.360587           1.804208             0.061472           12877.864880           1.225591             0.634934           38254.833907           1.211847             0.632530           67040.649520           0.222208             0.103594      
        4.00               5.025009              22119             14266.654229           1.802174             0.060193           11994.089839           1.233191             0.623340           35376.252346           1.245383             0.610155           69262.712480           0.222934             0.102442      
        4.10               5.025009              22260             12701.109871           1.803071             0.058547           13988.896359           1.166997             0.649870           37270.056004           1.234503             0.627845           66939.646658           0.220557             0.102499      
        4.20               5.025009              22287             13180.873465           1.805874             0.054410           13180.873465           1.214866             0.633072           38078.078899           1.197671             0.644811           66459.883065           0.219365             0.100607      
        4.30               5.025009              22414             13786.890636           1.800914             0.059877           12726.360587           1.244503             0.630779           37396.309582           1.196696             0.643307           66990.148089           0.217659             0.104282      
        4.40               5.025009              22411             14418.158522           1.800438             0.058500           12196.095562           1.258927             0.612816           36335.779533           1.210157             0.632238           67949.675276           0.216557             0.102106      
        4.50               5.025009              22401             14847.420685           1.793780             0.060980           12246.596993           1.246877             0.612963           36058.021663           1.204309             0.629007           67747.669553           0.216568             0.102635      
        4.60               5.025009              32102             14089.899221           1.793980             0.060099           18710.780149           1.214808             0.639687           31083.630719           1.204171             0.617262           67015.398805           0.217308             0.103128      
        4.70               5.025009              32237             15024.175693           1.795906             0.061759           17776.503677           1.229038             0.628660           31437.140735           1.164419             0.638434           66661.888788           0.218476             0.100871      
        4.80               5.025009              32323             14392.907807           1.803319             0.060626           18938.036588           1.201445             0.650612           30073.602101           1.208768             0.618996           67495.162398           0.221349             0.106440      
        4.90               5.025009              32435             16463.466473           1.798528             0.066024           16513.967904           1.270742             0.613900           27094.017678           1.237026             0.602033           70828.256837           0.224331             0.110767      
        5.00               5.025009              32688             14847.420685           1.798292             0.057558           19468.301612           1.196098             0.658603           30477.613548           1.159277             0.639948           66106.373048           0.222097             0.113896      
        5.10               5.025009              32995             16059.455026           1.797944             0.056806           17776.503677           1.212049             0.638238           29114.074914           1.184650             0.622045           67949.675276           0.222076             0.107964      
        5.20               5.025009              33153             15453.437855           1.800053             0.058593           18660.278718           1.205127             0.646276           28811.066329           1.198706             0.620389           67974.925992           0.223009             0.104598      
        5.30               5.025009              33540             16463.466473           1.802111             0.061630           17624.999384           1.231830             0.633449           26993.014816           1.222872             0.613329           69818.228219           0.223595             0.106352      
        5.40               5.025009              33780             15276.682847           1.804646             0.059211           19897.563775           1.172656             0.663294           28558.559174           1.196174             0.638802           67166.903097           0.222386             0.105289      
        5.50               5.025009              33812             15655.443579           1.804037             0.059580           18205.765840           1.245759             0.625148           27573.781271           1.220761             0.627900           69464.718203           0.221926             0.107739      
        5.60               5.025009              33761             15226.181416           1.810369             0.056501           18155.264409           1.265198             0.620837           28609.060605           1.196264             0.633805           68909.202463           0.221175             0.104383      
        5.70               5.025009              34062             15958.452164           1.814023             0.061761           18104.762978           1.242656             0.632482           25806.231190           1.274188             0.593085           71030.262561           0.220624             0.103419      
        5.80               5.025009              34405             15377.685709           1.816658             0.063181           18559.275856           1.243529             0.634003           26740.507662           1.254651             0.606230           70222.239667           0.219802             0.101624      
        5.90               5.025009              34601             15579.691433           1.820575             0.058829           18710.780149           1.232445             0.643099           26816.259808           1.240777             0.614293           69792.977504           0.219263             0.104934      
        6.00               5.025009              34897             15377.685709           1.822576             0.066685           25427.470458           1.231267             0.643251           20453.079515           1.243578             0.615473           69641.473211           0.218692             0.105294      
        6.10               5.025009              23853             15150.429270           1.825361             0.067711           13307.127042           1.227162             0.644752           33356.195110           1.222651             0.633303           69085.957471           0.220479             0.105672      
        6.20               5.025009              35289             16539.218620           1.823061             0.067224           17347.241514           1.253859             0.617889           25124.461873           1.273022             0.612312           71888.786886           0.224138             0.111849      
        6.30               5.025009              35576             16210.959319           1.821422             0.068111           19316.797319           1.192641             0.653275           27649.533418           1.178863             0.656868           67722.418837           0.219130             0.103249      
        6.40               5.025009              35829             17170.486506           1.819459             0.072783           17928.007970           1.251450             0.636307           23760.923239           1.290312             0.600528           72040.291179           0.217434             0.102547      
        6.50               5.025009              36040             18130.013693           1.815057             0.070364           17372.492230           1.256527             0.623995           23685.171092           1.261760             0.612358           71712.031878           0.214455             0.100577      
        6.60               5.025009              36329             17473.495091           1.815950             0.071953           18155.264409           1.243551             0.636059           25073.960442           1.233710             0.623443           70196.988951           0.210237             0.098074      
        6.70               5.025009              36463             17119.985075           1.812326             0.067073           32901.682231           1.220363             0.637152           12044.591270           1.192153             0.646727           68833.450317           0.210101             0.099640      
        6.80               5.025009              36325             17852.255823           1.809407             0.064365           24821.453287           1.256494             0.619643           17877.506539           1.216333             0.623351           70348.493244           0.209884             0.099902      
        6.90               5.025009              36427             18155.264409           1.809613             0.061336           24366.940409           1.244678             0.629929           18054.261547           1.224919             0.628872           70323.242528           0.209063             0.099450      
        7.00               5.025009              36572             18407.771563           1.805759             0.063044           24644.698279           1.249315             0.628819           17776.503677           1.197423             0.640793           70070.735374           0.209574             0.098646      
        7.10               5.025009              36333             17624.999384           1.805617             0.063215           25200.214019           1.259910             0.621001           18963.287303           1.156076             0.659999           69111.208187           0.209850             0.102363      
        7.20               5.025009              36524             17902.757254           1.808828             0.060666           25427.470458           1.238070             0.637374           18887.535157           1.145464             0.663998           68681.946024           0.211133             0.103323      
        7.30               5.025009              36934             17852.255823           1.813888             0.056525           40098.136135           1.140053             0.673619           6741.941025            1.206626             0.638413           66207.375910           0.207968             0.099465      
        7.40               5.025009              36975             18609.777287           1.816142             0.056787           25629.476182           1.213251             0.647464           17751.252961           1.171523             0.664328           68909.202463           0.207679             0.095386      
        7.50               5.025009              37132             19291.546604           1.814059             0.061548           24543.695417           1.236448             0.628985           17018.982213           1.193843             0.656664           70045.484659           0.204710             0.099458      
        7.60               5.025009              37131             19746.059482           1.809526             0.058985           23988.179678           1.261288             0.623468           15832.198587           1.237415             0.633883           71333.271146           0.202178             0.098590      
        7.70               5.025009              37390             20301.575222           1.808973             0.061764           23129.655352           1.276759             0.613525           15958.452164           1.232325             0.634724           71510.026155           0.196867             0.095585      
        7.80               5.025009              37556             20225.823076           1.805563             0.060015           23003.401775           1.299112             0.609928           16008.953595           1.219568             0.645787           71661.530447           0.196382             0.094631      
        7.90               5.025009              37559             21715.615287           1.796449             0.062128           22447.886035           1.268048             0.613824           15150.429270           1.234486             0.633582           71585.778301           0.193069             0.093988      
        8.00               5.025009              37672             21109.598116           1.795060             0.057817           23306.410360           1.256307             0.626950           16362.463612           1.192424             0.652982           70121.236805           0.189900             0.093805      
        8.10               5.025009              37649             22321.632458           1.793865             0.061680           21841.868864           1.269580             0.607614           15352.434994           1.221174             0.629245           71383.772577           0.188838             0.096632      
        8.20               5.025009              37637             22119.626734           1.792028             0.059604           21665.113856           1.274214             0.601364           15175.679985           1.258197             0.611911           71939.288317           0.189896             0.095313      
        8.30               5.025009              37693             21210.600978           1.794810             0.059700           23483.165369           1.226666             0.628535           15907.950734           1.242398             0.624526           70297.991813           0.190062             0.094162      
        8.40               5.025009              37679             21185.350263           1.796430             0.061138           22170.128165           1.277304             0.606673           16261.460750           1.226704             0.622489           71282.769716           0.191856             0.096871      
        8.50               5.025009              37757             20074.318783           1.798666             0.064141           23659.920377           1.239565             0.626770           16438.215758           1.265101             0.616083           70727.253976           0.194677             0.096469      
        8.60               5.025009              37741             20604.583807           1.797221             0.067042           22700.393190           1.254736             0.618569           16665.472197           1.225468             0.638705           70929.259699           0.198268             0.096643      
        8.70               5.025009              37797             20099.569498           1.795760             0.059416           23104.404637           1.272701             0.612965           17549.247238           1.171218             0.658480           70146.487520           0.198827             0.096913      
        8.80               5.025009              37810             19973.315921           1.795846             0.065156           23634.669661           1.264075             0.622803           16564.469335           1.219176             0.635813           70727.253976           0.198792             0.093957      
        8.90               5.025009              37809             20326.825937           1.796837             0.057753           23710.421808           1.242365             0.631066           17321.990799           1.166205             0.662723           69540.470350           0.198704             0.095418      
        9.00               5.025009              38020             20402.578084           1.796146             0.064160           24089.182539           1.233832             0.639764           16463.466473           1.213596             0.639076           69944.481797           0.195183             0.094697      
        9.10               5.025009              38089             20781.338815           1.793725             0.062662           23609.418946           1.241496             0.627552           15705.945010           1.244879             0.624242           70803.006122           0.195769             0.092176      
        9.20               5.025009              38146             21059.096685           1.792385             0.066507           22700.393190           1.273855             0.612640           16640.221482           1.175105             0.644703           70499.997537           0.195504             0.092840      
        9.30               5.025009              38303             20402.578084           1.791734             0.067546           17953.258685           1.247294             0.639346           22245.880312           1.228227             0.626880           70297.991813           0.195283             0.094096      
        9.40               5.025009              38439             20200.572360           1.790048             0.065014           24215.436117           1.242844             0.637998           16842.227205           1.184523             0.635943           69641.473211           0.198072             0.094813      
        9.50               5.025009              38594             20705.586669           1.790000             0.064433           17700.751531           1.242094             0.641067           22119.626734           1.212091             0.627486           70373.743959           0.200927             0.097556      
        9.60               5.025009              38498             20251.073791           1.793337             0.062832           17978.509400           1.236921             0.638865           21867.119580           1.240813             0.622544           70803.006122           0.202138             0.097535      
        9.70               5.025009              38536             20781.338815           1.792089             0.057632           22649.891759           1.260403             0.617690           15781.697156           1.248408             0.610346           71686.781163           0.202380             0.095851      
        9.80               5.025009              38658             21488.358848           1.792645             0.060833           22599.390328           1.230697             0.631425           15327.184278           1.244521             0.612657           71484.775439           0.204113             0.101125      
        9.90               5.025009              39001             21412.606702           1.792682             0.060907           16867.477921           1.235514             0.637299           21261.102409           1.245044             0.613034           71358.521862           0.200439             0.094298      
       10.00               5.025009              39113             20705.586669           1.792656             0.060978           17700.751531           1.232264             0.633782           21892.370295           1.238605             0.627335           70601.000398           0.197646             0.096740      
       10.10               5.025009              39105             19872.313059           1.795614             0.061611           25452.721174           1.172802             0.662505           17321.990799           1.212390             0.648134           68252.683862           0.197282             0.095521      
       10.20               5.025009              39310             20831.840246           1.797825             0.060154           17347.241514           1.258817             0.623841           21134.848832           1.256881             0.616799           71585.778301           0.197623             0.096937      
       10.30               5.025009              39210             20756.088100           1.800436             0.059482           16943.230067           1.301700             0.597834           20705.586669           1.264248             0.601212           72494.804057           0.198607             0.095863      
       10.40               5.025009              38913             19872.313059           1.802709             0.060298           34366.223728           1.237378             0.633345           5605.658830            1.268896             0.591854           71055.513277           0.204615             0.096693      
       10.50               5.025009              38972             19518.803043           1.804363             0.059320           23432.663938           1.275015             0.614402           16842.227205           1.197704             0.654421           71106.014707           0.207184             0.099610      
       10.60               5.025009              38949             21690.364572           1.803381             0.057544           15806.947872           1.270517             0.610501           20251.073791           1.261711             0.610619           73151.322659           0.208472             0.099364      
       10.70               5.025009              38876             20099.569498           1.802725             0.053537           17599.748669           1.242177             0.639055           22321.632458           1.222760             0.633850           70878.758268           0.206127             0.098723      
       10.80               5.025009              39067             23988.179678           1.799345             0.059320           14241.403514           1.277683             0.604228           18635.028002           1.262354             0.594204           74035.097700           0.204187             0.098114      
       10.90               5.025009              39429             20932.843108           1.801332             0.059018           17069.483644           1.256160             0.633566           21488.358848           1.236251             0.622474           71409.023293           0.200059             0.095068      
       11.00               5.025009              39486             20781.338815           1.805273             0.057350           17599.748669           1.225302             0.646786           21437.857417           1.249519             0.617403           71080.763992           0.198816             0.094510      
       11.10               5.025009              39588             20503.580945           1.807001             0.059965           17422.993661           1.237790             0.640473           21942.871726           1.236711             0.627755           71030.262561           0.200576             0.098705      
       11.20               5.025009              39460             20377.327368           1.806518             0.058931           17498.745807           1.245004             0.637631           21993.373157           1.229598             0.631048           71030.262561           0.202153             0.102314      
       11.30               5.025009              39691             21362.105271           1.804597             0.060917           16968.480782           1.254149             0.621317           21387.355986           1.221329             0.634738           71181.766854           0.197354             0.095848      
       11.40               5.025009              39756             21109.598116           1.811309             0.057822           16917.979352           1.268473             0.620312           21059.096685           1.246587             0.625824           71813.034740           0.195675             0.097946      
       11.50               5.025009              39823             21336.854555           1.809592             0.054591           16968.480782           1.245427             0.641705           21387.355986           1.236431             0.626353           71207.017569           0.193970             0.095936      
       11.60               5.025009              40016             21715.615287           1.807317             0.057787           17044.232929           1.227336             0.646916           21235.851694           1.235882             0.622598           70904.008984           0.191653             0.094121      
       11.70               5.025009              40194             21614.612425           1.803872             0.056462           17751.252961           1.186282             0.667567           21362.105271           1.233774             0.615615           70171.738236           0.193753             0.097363      
       11.80               5.025009              40285             21892.370295           1.799851             0.058970           17220.987937           1.203589             0.644735           20074.318783           1.279396             0.598861           71712.031878           0.197833             0.100861      
       11.90               5.025009              40283             20958.093824           1.798780             0.057771           17044.232929           1.252154             0.624614           21387.355986           1.244100             0.622393           71510.026155           0.200685             0.099632      
       12.00               5.025009              40229             21059.096685           1.800030             0.055443           17246.238652           1.247924             0.637386           20806.589531           1.243789             0.614598           71787.784025           0.204659             0.099441      
       12.10               5.025009              40156             21488.358848           1.798183             0.057262           17397.742945           1.210272             0.655762           20983.344539           1.229833             0.619132           71030.262561           0.204110             0.097335      
       12.20               5.025009              40494             21084.347401           1.799392             0.059948           17347.241514           1.231781             0.647991           21387.355986           1.228576             0.624338           71080.763992           0.202826             0.095509      
       12.30               5.025009              40664             22776.145336           1.796792             0.058739           16337.212896           1.220404             0.639698           19316.797319           1.264547             0.599793           72469.553342           0.202996             0.095134      
       12.40               5.025009              40901             21513.609563           1.796026             0.056694           17574.497953           1.215796             0.651779           20983.344539           1.225400             0.628017           70828.256837           0.201629             0.095539      
       12.50               5.025009              40967             22675.142474           1.795623             0.057206           15857.449303           1.278390             0.617090           19291.546604           1.254176             0.600383           73075.570513           0.202763             0.097457      
       12.60               5.025009              41212             21639.863141           1.795668             0.057376           18205.765840           1.181714             0.665004           19821.811628           1.272184             0.595514           71232.268285           0.202310             0.096007      
       12.70               5.025009              41447             21766.116718           1.797840             0.058646           17271.489368           1.209160             0.654413           20528.831661           1.244835             0.612879           71333.271146           0.202276             0.096896      
       12.80               5.025009              41650             21185.350263           1.800017             0.059089           19695.558051           1.122994             0.682572           21235.851694           1.221001             0.632134           68782.948886           0.200907             0.096866      
       12.90               5.025009              41764             21235.851694           1.803130             0.057021           17296.740083           1.259833             0.615925           20705.586669           1.230731             0.632485           71661.530447           0.201433             0.099520      
       13.00               5.025009              41736             20478.330230           1.810695             0.057792           17372.492230           1.290431             0.604958           21387.355986           1.212586             0.642911           71661.530447           0.203289             0.098622      
       13.10               5.025009              41684             21488.358848           1.812982             0.056441           17069.483644           1.269458             0.627614           19417.800181           1.254107             0.612025           72924.066220           0.205981             0.098435      
       13.20               5.025009              41871             21109.598116           1.814909             0.054740           17700.751531           1.249269             0.640947           20124.820214           1.234247             0.621077           71964.539033           0.204768             0.097231      
       13.30               5.025009              41900             20377.327368           1.812995             0.057187           19064.290165           1.212109             0.664767           20932.843108           1.222767             0.625804           70525.248252           0.203502             0.099339      
       13.40               5.025009              42040             21311.603840           1.816147             0.057290           17448.244376           1.245569             0.644800           19619.805905           1.254498             0.612965           72520.054773           0.206136             0.101152      
       13.50               5.025009              42197             22043.874588           1.813973             0.056700           17271.489368           1.231104             0.654980           19140.042311           1.244511             0.618187           72444.302626           0.206089             0.097965      
       13.60               5.025009              42365             22296.381742           1.809666             0.056685           16968.480782           1.215842             0.651764           19771.310197           1.224502             0.630959           71863.536171           0.206085             0.098707      
       13.70               5.025009              42530             23306.410360           1.805726             0.054097           16488.717189           1.224049             0.640609           18635.028002           1.235952             0.616017           72469.553342           0.202844             0.097477      
       13.80               5.025009              42752             22649.891759           1.808927             0.057307           16337.212896           1.263067             0.633170           19544.053758           1.216380             0.628247           72368.550480           0.202021             0.100309      
       13.90               5.025009              43057             21488.358848           1.810981             0.054070           18231.016555           1.205967             0.669337           19973.315921           1.242057             0.624252           71207.017569           0.200697             0.098836      
       14.00               5.025009              43226             21766.116718           1.814334             0.057623           17321.990799           1.245642             0.649056           19746.059482           1.237361             0.624480           72065.541895           0.201192             0.096098      
       14.10               5.025009              43432             22069.125303           1.812759             0.057636           17549.247238           1.230765             0.648521           19594.555189           1.222891             0.629229           71686.781163           0.201334             0.096430      
       14.20               5.025009              43544             23533.666799           1.807751             0.058804           16614.970766           1.231058             0.639880           17953.258685           1.244287             0.615791           72797.812643           0.201435             0.097196      
       14.30               5.025009              43621             22725.643905           1.805317             0.058360           21942.871726           1.192004             0.656168           16488.717189           1.141872             0.667523           69742.476073           0.200581             0.097128      
       14.40               5.025009              43844             22675.142474           1.804575             0.059522           18130.013693           1.200220             0.664467           19872.313059           1.168108             0.646311           70222.239667           0.200905             0.097025      
       14.50               5.025009              43991             24038.681108           1.801721             0.057458           16311.962181           1.223029             0.642502           17549.247238           1.251507             0.606474           72999.818366           0.202411             0.097818      
       14.60               5.025009              44217             24265.937548           1.800095             0.057192           16337.212896           1.224321             0.639749           17473.495091           1.242854             0.609253           72823.063358           0.200486             0.097624      
       14.70               5.025009              44608             23836.675385           1.802265             0.056331           17624.999384           1.172426             0.666123           17624.999384           1.246184             0.610727           71813.034740           0.200688             0.095514      
       14.80               5.025009              44708             24922.456149           1.801708             0.058758           16589.720051           1.209785             0.649615           16236.210034           1.252879             0.593911           73151.322659           0.200748             0.097697      
       14.90               5.025009              44916             24417.441840           1.804735             0.059556           15983.702880           1.260471             0.622402           16387.714327           1.275285             0.581610           74110.849846           0.200875             0.099155      
       15.00               5.025009              45110             23079.153921           1.807389             0.057565           18332.019417           1.180557             0.673408           18130.013693           1.234141             0.612495           71358.521862           0.199976             0.097307      
       15.10               5.025009              45330             24341.689694           1.805544             0.058186           15857.449303           1.260480             0.624113           17094.734360           1.239797             0.609786           73605.835537           0.201995             0.097055      
       15.20               5.025009              45499             23407.413222           1.801951             0.054285           18281.517986           1.169323             0.673130           17751.252961           1.237490             0.614101           71459.524724           0.202590             0.097688      
       15.30               5.025009              45700             23533.666799           1.803756             0.053345           17675.500815           1.219598             0.649117           17119.985075           1.242933             0.613887           72570.556204           0.202768             0.096752      
       15.40               5.025009              46013             24013.430393           1.803116             0.055339           18332.019417           1.168447             0.669289           17549.247238           1.199653             0.637557           71005.011846           0.200380             0.100097      
       15.50               5.025009              46104             23887.176816           1.802515             0.056100           16968.480782           1.265641             0.622791           17195.737222           1.210765             0.633668           72848.314073           0.201062             0.100207      
       15.60               5.025009              46179             24442.692556           1.802011             0.058136           16791.725774           1.260144             0.630923           16993.731498           1.182730             0.642108           72671.559065           0.202211             0.102131      
       15.70               5.025009              46302             25124.461873           1.798526             0.059757           16564.469335           1.251836             0.633766           15832.198587           1.211834             0.622045           73378.579098           0.202934             0.104243      
       15.80               5.025009              46599             24745.701141           1.798090             0.060350           17372.492230           1.218190             0.657660           16539.218620           1.203322             0.621726           72242.296903           0.199883             0.097566      
       15.90               5.025009              47021             25048.709726           1.797937             0.057455           17044.232929           1.220882             0.651355           15579.691433           1.256700             0.593584           73227.074805           0.199052             0.099424      
       16.00               5.025009              47301             24291.188263           1.798224             0.063356           20175.321645           1.176536             0.654448           15226.181416           1.195178             0.645932           71207.017569           0.202003             0.099429      
       16.10               5.025009              47363             24291.188263           1.796166             0.057870           19215.794458           1.170183             0.659378           15806.947872           1.213517             0.623252           71585.778301           0.205362             0.101402      
       16.20               5.025009              47491             23331.661076           1.803601             0.058575           18988.538018           1.252018             0.636480           17397.742945           1.120375             0.665000           71181.766854           0.205853             0.098163      
       16.30               5.025009              47574             24265.937548           1.803392             0.060367           18382.520848           1.236718             0.643775           16008.953595           1.143485             0.651641           72242.296903           0.210389             0.101935      
       16.40               5.025009              47924             24215.436117           1.801743             0.056987           19013.788734           1.222271             0.651370           16539.218620           1.107005             0.661654           71131.265423           0.208361             0.096661      
       16.50               5.025009              47994             23937.678247           1.802556             0.060231           19266.295888           1.229712             0.646321           15983.702880           1.128274             0.658102           71712.031878           0.210913             0.101741      
       16.60               5.025009              48174             23735.672523           1.805131             0.061364           19796.560913           1.207533             0.661948           16488.717189           1.107909             0.673695           70878.758268           0.211361             0.099366      
       16.70               5.025009              48414             24063.931824           1.806272             0.059853           19468.301612           1.197639             0.660057           14493.910668           1.242039             0.608181           72873.564789           0.208800             0.099599      
       16.80               5.025009              48478             24695.199710           1.808246             0.065578           19392.549466           1.189787             0.661142           13408.129904           1.255805             0.598511           73403.829813           0.210262             0.099432      
       16.90               5.025009              48616             24568.946133           1.812613             0.062126           19291.546604           1.191040             0.662841           14039.397790           1.235309             0.613990           72999.818366           0.207480             0.095655      
       17.00               5.025009              48754             25326.467596           1.817545             0.065965           17018.982213           1.282568             0.622336           13256.625611           1.246396             0.609913           75297.633472           0.207404             0.098996      
       17.10               5.025009              49128             24366.940409           1.822592             0.063289           18104.762978           1.258619             0.643614           14190.902083           1.235792             0.629921           74237.103423           0.205625             0.098590      
       17.20               5.025009              49344             26260.744068           1.821426             0.062036           16337.212896           1.266250             0.625030           12751.611302           1.257096             0.610837           75550.140627           0.204513             0.097515      
       17.30               5.025009              49417             26159.741206           1.817602             0.065324           16665.472197           1.255470             0.628646           12701.109871           1.272408             0.598070           75373.385618           0.203892             0.095855      
       17.40               5.025009              49616             25528.473320           1.815189             0.064472           18458.272994           1.210243             0.658232           12877.864880           1.266281             0.602964           74035.097700           0.202809             0.098234      
       17.50               5.025009              50061             25932.484767           1.813170             0.062770           18508.774425           1.190084             0.671288           13130.372034           1.232334             0.628454           73328.077667           0.201451             0.096421      
       17.60               5.025009              50387             26690.006231           1.813375             0.059873           17372.492230           1.241906             0.641242           11640.579822           1.282754             0.592215           75196.630610           0.200727             0.107982      
       17.70               5.025009              50756             25982.986198           1.814149             0.060017           20099.569498           1.139676             0.686745           12726.360587           1.245211             0.612947           72090.792610           0.195712             0.095323      
       17.80               5.025009              50955             25679.977613           1.813787             0.058605           18837.033726           1.222645             0.659688           13256.625611           1.215468             0.630441           73126.071943           0.195252             0.092737      
       17.90               5.025009              51054             26513.251223           1.812377             0.061637           18180.515124           1.214267             0.660871           12499.104148           1.227608             0.622677           73706.838399           0.197105             0.097898      
       18.00               5.025009              51286             26866.761239           1.808368             0.058427           18786.532295           1.172063             0.675198           11867.836262           1.248416             0.619207           73378.579098           0.198696             0.098127      
       18.10               5.025009              51559             28306.052020           1.806116             0.059492           16261.460750           1.247981             0.634899           10782.055497           1.258109             0.593341           75550.140627           0.198769             0.098017      
       18.20               5.025009              51751             26715.256946           1.804774             0.059933           19771.310197           1.185354             0.660942           11211.317660           1.240175             0.630134           73201.824090           0.197331             0.095770      
       18.30               5.025009              51939             27725.285564           1.806077             0.058287           18407.771563           1.207262             0.648446           10403.294765           1.251046             0.619875           74363.357000           0.197517             0.095397      
       18.40               5.025009              52254             27902.040572           1.804671             0.059317           17751.252961           1.219801             0.651957           10782.055497           1.236870             0.631113           74464.359862           0.196832             0.095056      
       18.50               5.025009              52495             27245.521971           1.801617             0.057967           19922.814490           1.149336             0.680320           12095.092701           1.174939             0.662762           71636.279732           0.192710             0.094615      
       18.60               5.025009              52750             27725.285564           1.796735             0.058350           18761.281579           1.205994             0.659896           11110.314798           1.228768             0.628193           73302.826952           0.189720             0.091860      
       18.70               5.025009              52852             26993.014816           1.796761             0.062036           18988.538018           1.247805             0.644312           11640.579822           1.207844             0.647558           73277.576236           0.187588             0.093584      
       18.80               5.025009              52990             27144.519109           1.798669             0.059413           18912.785872           1.233240             0.656387           11539.576961           1.233494             0.616402           73302.826952           0.185777             0.092881      
       18.90               5.025009              53302             27371.775548           1.800577             0.056133           18281.517986           1.239011             0.651123           11211.317660           1.276656             0.603453           74035.097700           0.185736             0.091710      
       19.00               5.025009              53376             27144.519109           1.805668             0.057462           18635.028002           1.214111             0.653752           11489.075530           1.283393             0.614691           73631.086252           0.184922             0.092031      
       19.10               5.025009              53442             27523.279841           1.810177             0.053149           17145.235791           1.285080             0.618437           10984.061221           1.286045             0.613555           75247.132041           0.186306             0.092839      
       19.20               5.025009              53520             27270.772686           1.808603             0.054977           18256.267270           1.243463             0.644718           11160.816229           1.277505             0.617211           74211.852708           0.184863             0.090323      
       19.30               5.025009              53647             28280.801304           1.808400             0.055657           17574.497953           1.228428             0.647764           10453.796196           1.291493             0.606327           74590.613440           0.184567             0.090084      
       19.40               5.025009              53912             27750.536280           1.808830             0.058272           17953.258685           1.247907             0.644678           10857.807644           1.273461             0.626364           74338.106285           0.182585             0.089922      
       19.50               5.025009              54000             28432.305597           1.802949             0.057827           18332.019417           1.188412             0.659653           12019.340554           1.166869             0.662768           72116.043325           0.179253             0.090820      
       19.60               5.025009              54073             28129.297011           1.800827             0.059252           17852.255823           1.246397             0.639157           10883.058359           1.265361             0.601841           74035.097700           0.179942             0.089442      
       19.70               5.025009              54303             28028.294150           1.800752             0.060290           18963.287303           1.194202             0.665001           11135.565513           1.238554             0.619902           72772.561927           0.179875             0.089025      
       19.80               5.025009              54411             28003.043434           1.800376             0.060000           18433.022279           1.216892             0.653674           11236.568375           1.240681             0.621118           73227.074805           0.180425             0.089888      
       19.90               5.025009              54407             28583.809889           1.797766             0.061754           17776.503677           1.226900             0.641083           10529.548343           1.269000             0.597805           74009.846984           0.181611             0.091708      
       20.00               5.025009              54417             27245.521971           1.798057             0.061422           19518.803043           1.185985             0.662350           12069.841985           1.222717             0.635895           72065.541895           0.181834             0.090827      
       20.10               5.025009              54352             28078.795580           1.799970             0.061289           16943.230067           1.263514             0.621455           10908.309074           1.296901             0.592278           74969.374171           0.185462             0.091914      
       20.20               5.025009              54360             27270.772686           1.800462             0.062065           18155.264409           1.240632             0.638922           11968.839123           1.226852             0.641982           73504.832675           0.186273             0.090243      
       20.30               5.025009              54330             27927.291288           1.797955             0.059866           18205.765840           1.218405             0.643239           11312.320522           1.238031             0.631233           73454.331244           0.185163             0.090496      
       20.40               5.025009              54372             28280.801304           1.796519             0.060376           16766.475059           1.278862             0.612101           11009.311936           1.250941             0.627426           74843.120594           0.186777             0.092707      
       20.50               5.025009              54386             27876.789857           1.795472             0.056091           18407.771563           1.218833             0.644370           11867.836262           1.192045             0.654357           72747.311212           0.183718             0.089865      
       20.60               5.025009              54431             27876.789857           1.794109             0.060623           17852.255823           1.252335             0.629170           11918.337692           1.194881             0.643085           73252.325521           0.182766             0.092215      
       20.70               5.025009              54486             28306.052020           1.794457             0.058932           17321.990799           1.250665             0.636376           10655.801920           1.292254             0.590290           74615.864155           0.184572             0.092223      
       20.80               5.025009              54572             27599.031987           1.794737             0.060528           17372.492230           1.275637             0.622540           11640.579822           1.254834             0.615405           74287.604854           0.184405             0.090559      
       20.90               5.025009              54487             28154.547727           1.794382             0.059611           17296.740083           1.256248             0.623589           10908.309074           1.275175             0.610615           74540.112009           0.185685             0.094445      
       21.00               5.025009              54530             28331.302735           1.792611             0.059285           17069.483644           1.255105             0.629303           10933.559790           1.261712             0.610703           74565.362724           0.187674             0.091396      
       21.10               5.025009              54662             27952.542003           1.793647             0.061853           17902.757254           1.235396             0.638613           10630.551204           1.294194             0.597827           74413.858431           0.187976             0.090052      
       21.20               5.025009              54759             28179.798442           1.795684             0.060948           17650.250100           1.242419             0.640130           10807.306213           1.246287             0.626739           74262.354139           0.188521             0.093416      
       21.30               5.025009              54783             28331.302735           1.791764             0.059757           17347.241514           1.263890             0.620422           10756.804782           1.241261             0.622922           74464.359862           0.187472             0.091197      
       21.40               5.025009              54868             27624.282702           1.794472             0.058959           18862.284441           1.207701             0.656796           10958.810505           1.261725             0.617021           73454.331244           0.188171             0.094778      
       21.50               5.025009              54911             27094.017678           1.796633             0.059044           19367.298750           1.206570             0.664335           11085.064083           1.272794             0.607152           73353.328382           0.188744             0.093020      
       21.60               5.025009              54939             27523.279841           1.797097             0.059110           17018.982213           1.300254             0.612363           10605.300489           1.305385             0.584995           75752.146350           0.192272             0.094478      
       21.70               5.025009              54877             26841.510523           1.797589             0.059717           17902.757254           1.272541             0.630488           12044.591270           1.206102             0.646397           74110.849846           0.194857             0.094629      
       21.80               5.025009              54886             27750.536280           1.798199             0.061252           17574.497953           1.255797             0.634920           10453.796196           1.279057             0.600463           75120.878464           0.195126             0.094872      
       21.90               5.025009              54980             27775.786995           1.796673             0.059794           18306.768701           1.214523             0.654663           10428.545481           1.278414             0.606344           74388.607716           0.195326             0.095101      
       22.00               5.025009              55110             28432.305597           1.794367             0.059743           17372.492230           1.237877             0.641340           9822.528310            1.301294             0.580463           75272.382757           0.195224             0.092165      
       22.10               5.025009              55358             28280.801304           1.792806             0.059104           18458.272994           1.181638             0.664221           10479.046912           1.260134             0.607301           73681.587683           0.193834             0.092762      
       22.20               5.025009              55516             29063.573483           1.792484             0.057214           16135.207173           1.263138             0.628812           10176.038326           1.271615             0.612252           75524.889911           0.193089             0.092609      
       22.30               5.025009              55836             28255.550589           1.793028             0.057112           18433.022279           1.188845             0.661780           11059.813367           1.230401             0.640877           73151.322659           0.188855             0.088884      
       22.40               5.025009              55950             28053.544865           1.790469             0.059439           17928.007970           1.240127             0.640171           10580.049774           1.290542             0.602876           74338.106285           0.186768             0.091730      
       22.50               5.025009              55968             27902.040572           1.794994             0.058854           19165.293027           1.190172             0.661812           10580.049774           1.271355             0.619803           73252.325521           0.186410             0.090344      
       22.60               5.025009              56114             28306.052020           1.797425             0.059328           18130.013693           1.219911             0.645472           10403.294765           1.270175             0.618837           74060.348415           0.186213             0.091514      
       22.70               5.025009              56139             28482.807028           1.797295             0.058396           17902.757254           1.227967             0.644121           10630.551204           1.236436             0.631721           73883.593407           0.185156             0.089911      
       22.80               5.025009              56305             28230.299873           1.799379             0.059961           17852.255823           1.248582             0.639278           10706.303351           1.237962             0.621645           74110.849846           0.184305             0.091432      
       22.90               5.025009              56352             28154.547727           1.796974             0.058311           18155.264409           1.237602             0.638636           10277.041188           1.289574             0.594565           74312.855570           0.184154             0.089829      
       23.00               5.025009              56126             27447.527694           1.798122             0.060439           18483.523709           1.248842             0.639630           11842.585546           1.175081             0.655843           73126.071943           0.186623             0.089906      
       23.10               5.025009              56255             28003.043434           1.801483             0.060511           18104.762978           1.227743             0.657724           10731.554066           1.248188             0.619886           74060.348415           0.188090             0.093672      
       23.20               5.025009              56332             27195.020540           1.807353             0.058984           18862.284441           1.228006             0.651924           11034.562652           1.254241             0.636969           73807.841261           0.187595             0.092321      
       23.30               5.025009              56369             28407.054881           1.804552             0.055761           17549.247238           1.243472             0.636638           10504.297627           1.241777             0.631659           74439.109147           0.186354             0.089980      
       23.40               5.025009              56334             28533.308459           1.798495             0.058551           17321.990799           1.256380             0.632921           10832.556928           1.215226             0.645910           74211.852708           0.185361             0.091705      
       23.50               5.025009              56489             28280.801304           1.796837             0.059162           18685.529433           1.197023             0.666317           11160.816229           1.204034             0.645964           72772.561927           0.183847             0.087802      
       23.60               5.025009              56585             28609.060605           1.796808             0.056674           17700.751531           1.229778             0.644837           10756.804782           1.241819             0.628394           73833.091976           0.182425             0.090133      
       23.70               5.025009              56659             28735.314182           1.798136             0.054182           17902.757254           1.205959             0.654912           10731.554066           1.246231             0.629191           73530.083391           0.181776             0.088920      
       23.80               5.025009              56956             28785.815613           1.796649             0.052935           17220.987937           1.251845             0.629064           10655.801920           1.261285             0.624155           74237.103423           0.178940             0.090656      
       23.90               5.025009              56942             28886.818475           1.796979             0.057863           16867.477921           1.273634             0.617818           10529.548343           1.261498             0.624799           74615.864155           0.178581             0.089103      
       24.00               5.025009              56922             29265.579207           1.798803             0.059185           16438.215758           1.265648             0.625841           9822.528310            1.312289             0.578761           75373.385618           0.181258             0.092970      
       24.10               5.025009              57025             27725.285564           1.802759             0.053020           29720.092085           1.233711             0.644899             0.000000             0.000000             0.000000           73454.331244           0.181773             0.092680      
       24.20               5.025009              57079             27927.291288           1.801714             0.056013           18685.529433           1.204676             0.656287           10832.556928           1.265814             0.621715           73454.331244           0.183257             0.092774      
       24.30               5.025009              56883             28154.547727           1.800952             0.055300           28987.821337           1.234380             0.636742             0.000000             0.000000             0.000000           73757.339830           0.183209             0.090938      
       24.40               5.025009              57141             27801.037711           1.804537             0.053115           18054.261547           1.242034             0.645137           10580.049774           1.307650             0.605467           74464.359862           0.182275             0.090958      
       24.50               5.025009              57237             28861.567759           1.804441             0.056387           16842.227205           1.260166             0.621003           10504.297627           1.250250             0.630017           74691.616301           0.181600             0.090450      
       24.60               5.025009              57336             28861.567759           1.803921             0.055451           16943.230067           1.264458             0.622238           10201.289042           1.266997             0.619416           74893.622025           0.181417             0.091144      
       24.70               5.025009              57241             28659.562036           1.802819             0.055476           16917.979352           1.284196             0.615821           10453.796196           1.240985             0.631784           74868.371309           0.182093             0.094338      
       24.80               5.025009              57356             29189.827060           1.802546             0.058573           17498.745807           1.228145             0.657305           9822.528310            1.260266             0.606940           74388.607716           0.181668             0.090152      
       24.90               5.025009              57491             28785.815613           1.803214             0.058433           17574.497953           1.264389             0.633569           10403.294765           1.199428             0.632871           74136.100561           0.180668             0.090808      
       25.00               5.025009              57516             28785.815613           1.802103             0.059172           17094.734360           1.277762             0.619177           9822.528310            1.279711             0.590526           75196.630610           0.182349             0.090537      
       25.10               5.025009              57460             27144.519109           1.804084             0.055346           18811.783010           1.254214             0.644916           11236.568375           1.233740             0.626102           73706.838399           0.184135             0.091619      
       25.20               5.025009              57514             28381.804166           1.803761             0.057197           17347.241514           1.270865             0.623363           10302.291904           1.252440             0.605044           74868.371309           0.185085             0.091008      
       25.30               5.025009              57599             27523.279841           1.805308             0.053652           18029.010831           1.250152             0.639304           11590.078392           1.217162             0.636684           73757.339830           0.185283             0.091096      
       25.40               5.025009              57580             28028.294150           1.807673             0.055374           17246.238652           1.253723             0.634442           10807.306213           1.270622             0.609043           74817.869879           0.186854             0.093159      
       25.50               5.025009              57773             28154.547727           1.807204             0.056370           16968.480782           1.267232             0.629212           10529.548343           1.283151             0.604776           75247.132041           0.187449             0.092840      
       25.60               5.025009              57893             28053.544865           1.802090             0.055978           17953.258685           1.222174             0.644975           10933.559790           1.238023             0.629008           73959.345553           0.188847             0.092088      
       25.70               5.025009              57852             28179.798442           1.801184             0.055687           17498.745807           1.244603             0.628747           10125.536895           1.292475             0.598391           75095.627749           0.191449             0.094916      
       25.80               5.025009              57882             27245.521971           1.805031             0.053987           18862.284441           1.209079             0.653449           10984.061221           1.261646             0.622894           73807.841261           0.191809             0.091620      
       25.90               5.025009              57955             28255.550589           1.803858             0.056963           17246.238652           1.264740             0.634954           9645.773302            1.289166             0.610238           75752.146350           0.195163             0.093975      
       26.00               5.025009              58125             27775.786995           1.807294             0.057919           18710.780149           1.208822             0.663520           10428.545481           1.249839             0.628270           73984.596269           0.191243             0.091150      
       26.10               5.025009              58214             28129.297011           1.809110             0.056556           17776.503677           1.239333             0.647746           9898.280456            1.278909             0.619680           75095.627749           0.192035             0.094381      
       26.20               5.025009              58294             28533.308459           1.805819             0.054698           17801.754392           1.216509             0.653039           10049.784749           1.251072             0.632345           74514.861293           0.191170             0.092531      
       26.30               5.025009              58522             28558.559174           1.802892             0.054807           17675.500815           1.240078             0.639668           9620.522586            1.282467             0.608492           75045.126318           0.189952             0.094023      
       26.40               5.025009              58482             28937.319906           1.801722             0.054048           16741.224343           1.271711             0.623772           9696.274733            1.259143             0.619094           75524.889911           0.190189             0.092230      
       26.50               5.025009              58497             29669.590654           1.799115             0.054629           16185.708604           1.266117             0.618110           9645.773302            1.230176             0.639657           75398.636334           0.189155             0.090823      
       26.60               5.025009              58771             28886.818475           1.794175             0.055319           17751.252961           1.219125             0.657180           10352.793335           1.229040             0.645255           73908.844122           0.186811             0.090555      
       26.70               5.025009              59002             29745.342800           1.789625             0.058663           16917.979352           1.236968             0.639957           9847.779026            1.225962             0.631567           74388.607716           0.185069             0.089482      
       26.80               5.025009              59216             29518.086361           1.789479             0.056231           18256.267270           1.192741             0.662841           9645.773302            1.239299             0.623367           73479.581960           0.183030             0.091053      
       26.90               5.025009              59253             29644.339938           1.791135             0.057702           17271.489368           1.245405             0.634920           9342.764717            1.268254             0.596942           74641.114870           0.181455             0.091569      
       27.00               5.025009              59349             28078.795580           1.795127             0.055997           18382.520848           1.249611             0.637591           11085.064083           1.196114             0.646353           73353.328382           0.182200             0.088328      
       27.10               5.025009              59213             28684.812751           1.799245             0.056041           17094.734360           1.274603             0.613362           10075.035465           1.267192             0.606575           75045.126318           0.184329             0.092387      
       27.20               5.025009              59160             27952.542003           1.801124             0.053607           18104.762978           1.241938             0.640026           10277.041188           1.291130             0.602444           74565.362724           0.186414             0.089866      
       27.30               5.025009              59228             27523.279841           1.800221             0.051349           18660.278718           1.239906             0.642892           11059.813367           1.221088             0.648594           73656.336968           0.187492             0.091980      
       27.40               5.025009              59169             27523.279841           1.800403             0.052873           19089.540880           1.229364             0.652678           10731.554066           1.219861             0.646341           73555.334106           0.188810             0.092027      
       27.50               5.025009              59314             28104.046296           1.801556             0.052663           17928.007970           1.254796             0.643174           10251.790473           1.239686             0.628152           74615.864155           0.189826             0.093362      
       27.60               5.025009              59429             28154.547727           1.800775             0.051803           18912.785872           1.183009             0.670806           10378.044050           1.264978             0.610290           73454.331244           0.187845             0.093714      
       27.70               5.025009              59542             27624.282702           1.800083             0.053962           19064.290165           1.192701             0.667791           10832.556928           1.261106             0.624394           73378.579098           0.189088             0.092160      
       27.80               5.025009              59737             29114.074914           1.802255             0.053652           16993.731498           1.233337             0.642151           9191.260424            1.329089             0.569671           75600.642058           0.189866             0.092691      
       27.90               5.025009              59850             27700.034849           1.805232             0.055166           17953.258685           1.249467             0.639284           10150.787611           1.311918             0.590547           75095.627749           0.189705             0.091677      
       28.00               5.025009              59956             28230.299873           1.802708             0.055744           17422.993661           1.257706             0.633413           10024.534034           1.287940             0.609937           75221.881326           0.189905             0.093938      
       28.10               5.025009              60155             28280.801304           1.801682             0.056405           17902.757254           1.229978             0.642422           10150.787611           1.274778             0.615979           74565.362724           0.188921             0.092461      
       28.20               5.025009              60261             28508.057743           1.799351             0.056935           17827.005108           1.224098             0.639036           9797.277595            1.305669             0.590198           74767.368448           0.188451             0.091524      
